8.917
13.458
18.417
25.000
40.250
42.083
45.625
49.792
51.125
53.667
56.667
64.458
69.917
74.083
79.375
82.125
84.833
92.417
95.417
98.208
102.417
116.708
119.875
134.917
139.917
143.292
145.792
152.875
158.542
172.292
183.250
189.500
193.083
198.500
201.167
206.667
208.667
212.458
213.917
215.542
222.417
225.083
234.583
238.667
253.417
257.917
289.542
295.125
296.500
297.500
298.958
300.875
302.708
307.708
310.583
312.375
315.375
319.958
322.208
324.083
328.458
330.292
338.917
341.208
346.458
348.417
350.208
352.708
356.333
362.125
364.500
367.667
368.958
369.583
371.625
373.875
376.000
377.208
378.000
380.000
383.125
385.417
386.958
388.958
390.167
392.500
399.000
400.417
404.042
409.083
411.875
415.000
418.792
425.500
427.792
431.458
434.167
438.583
441.208
444.875
461.792
464.833
468.333
469.542
478.958
480.208
482.125
483.417
483.917
485.500
488.042
489.417
491.583
499.417
502.375
503.708
505.875
509.958
517.875
521.000
527.417
531.208
537.708
539.208
543.167
552.833
556.833
564.292
588.000
594.375
594.458
597.625
601.083
616.875
709.500
730.333
