ts,o,h,l,c,v
1791239100,0.0025269328404637545,0.002552127193148551,0.0024001478698155,0.002467701577934048,5264.6893598631905
1791239160,0.002467701577934048,0.0024736441355514404,0.002416718304819823,0.0024180603510485566,2232.993483955843
1791239220,0.0024180603510485566,0.002434125811938246,0.00241432053916862,0.00241432053916862,875.1264790987955
1791239280,0.00241432053916862,0.0024405234907317976,0.0023176275191204576,0.0023364432571310453,2492.3891406811467
1791239340,0.0023364432571310453,0.0023919763233638727,0.002311060917629795,0.0023432118440257894,2059.0337873271205
1791239400,0.0023432118440257894,0.0023432118440257894,0.0021558469689054276,0.00223025240532235,4881.857622662626
1791239460,0.00223025240532235,0.002337931405338815,0.0022036978999643566,0.002320958084930346,3362.783808346558
1791239520,0.002320958084930346,0.002357540684996005,0.002318322143111921,0.002318322143111921,1226.2809946368782
1791239580,0.002318322143111921,0.0023454057683785223,0.002205822309896022,0.002205822309896022,2906.1905272744484
1791239640,0.002205822309896022,0.002328142081885778,0.002205822309896022,0.002283747913732936,4967.3601298013045
1791239700,0.002283747913732936,0.0023061526701094346,0.002190912066142233,0.002190912066142233,2963.2506038193674
1791239760,0.002190912066142233,0.0022208179336649426,0.002190912066142233,0.0021998944561040816,402.8871545084344
1791239820,0.0021998944561040816,0.0022072569080616882,0.0021609848098282773,0.0021996640587527844,2072.8020175273064
1791239880,0.0021996640587527844,0.002206551496310229,0.00213553105900102,0.0021419504223779487,2027.359168476164
1791239940,0.0021419504223779487,0.0021460414532734635,0.0021161605615879916,0.0021459916103977856,240.19274644851103
1791240000,0.0021459916103977856,0.0021459916103977856,0.0021189314256454097,0.0021220723742464186,175.44912337330257
1791240060,0.0021220723742464186,0.002150666332562767,0.0021112341373443378,0.0021112341373443378,582.5693196382632
1791240120,0.0021112341373443378,0.002130872012802914,0.002044147464575189,0.0020558688275024235,3540.9171814232113
1791240180,0.0020558688275024235,0.002083199559366566,0.0020084452425482902,0.002028038034943046,4975.966967075567
1791240240,0.002028038034943046,0.002062831530253465,0.002028038034943046,0.002062831530253465,808.7464995522985
1791240300,0.002062831530253465,0.002062831530253465,0.0020255958974795246,0.0020255958974795246,1421.7911995963036
1791240360,0.0020255958974795246,0.002039093052779728,0.00200474064402589,0.00200863823598534,800.9677184400308
1791240420,0.00200863823598534,0.002050167441971731,0.00200863823598534,0.002030630973862335,886.8554298161321
1791240480,0.002030630973862335,0.002033522617650202,0.0020054603746126128,0.0020054603746126128,1008.0342612053053
1791240540,0.0020054603746126128,0.0020280642356777763,0.001982230683970713,0.0020271846604545405,2300.285826640965
1791240600,0.0020271846604545405,0.0020389248252754765,0.001993910687386233,0.002015997062737552,871.8804170401814
1791240660,0.002015997062737552,0.002017745667169432,0.0019863089264735767,0.001992114088969215,539.5357120215932
1791240720,0.001992114088969215,0.0020260524079208993,0.001968895764830105,0.0019893331827745804,1658.0327481235327
1791240780,0.0019893331827745804,0.0019939893888531895,0.0019676692338154085,0.0019939893888531895,314.52499960240345
1791240840,0.0019939893888531895,0.002000774497118726,0.0019631634289222094,0.0019631634289222094,517.1608359646652
1791240900,0.0019631634289222094,0.0020330949882511255,0.001879626253012095,0.002003832268345913,6580.498327103222
1791240960,0.002003832268345913,0.002011868521236322,0.0019791710823317604,0.002003466955731032,500.9622940939382
1791241020,0.002003466955731032,0.002003466955731032,0.001977329285307652,0.0019986048846813843,319.76542250265965
1791241080,0.0019986048846813843,0.0020104133483029953,0.001973118807620857,0.0019986394175284194,1070.433293021462
1791241140,0.0019986394175284194,0.002043097673289189,0.0019796876250741968,0.0020007664102745445,2844.7881230180424
1791241200,0.0020007664102745445,0.0020722987497646403,0.0020007664102745445,0.0020722987497646403,1199.296897281884
1791241260,0.0020722987497646403,0.0020722987497646403,0.001970984085235258,0.001970984085235258,2772.320473896147
1791241320,0.001970984085235258,0.0019891084204215013,0.0019534444611661174,0.0019534444611661174,432.2310784657
1791241380,0.0019534444611661174,0.00196716726760766,0.001921258362365701,0.0019376654200229386,805.3307547267168
1791241440,0.0019376654200229386,0.0020504483399316686,0.0019376654200229386,0.002036179437673116,3416.6699201080037
1791241500,0.002036179437673116,0.002096319726984237,0.002036179437673116,0.002070448247025502,2152.7631612661226
1791241560,0.002070448247025502,0.002136694778096036,0.002070448247025502,0.002110847697632424,1162.3430847250847
1791241620,0.002110847697632424,0.002174647988290324,0.0020597867654486607,0.0020597867654486607,4332.080728948721
1791241680,0.0020597867654486607,0.002136521267359858,0.0020597867654486607,0.0021233347069307376,1424.9711707348977
1791241740,0.0021233347069307376,0.0021496969898326993,0.0021225986339810893,0.0021289177652114764,179.54123886198013
1791241800,0.0021289177652114764,0.0021566147086537766,0.0020657889801253327,0.0021001013160769164,2405.2823518071414
1791241860,0.0021001013160769164,0.002142414659048111,0.0021001013160769164,0.0021177015645747798,1328.3419538650087
1791241920,0.0021177015645747798,0.0021177015645747798,0.0020635167525750882,0.0020888999417872475,865.1980817631945
1791241980,0.0020888999417872475,0.0020888999417872475,0.002029297117706569,0.0020512694257413433,1399.9778569395369
1791242040,0.0020512694257413433,0.0020512694257413433,0.0020242748003575922,0.002024903914877439,302.75959264564165
1791242100,0.002024903914877439,0.0020307133116674297,0.001970737205940173,0.0019917633090651594,1573.810180533008
1791242160,0.0019917633090651594,0.001994348905056911,0.0019287900624328548,0.0019304517830089918,1695.5807965726524
1791242220,0.0019304517830089918,0.0019304517830089918,0.001745088606766765,0.001851169604629682,10631.88721460801
1791242280,0.001851169604629682,0.0018882409879257829,0.0018247710149798446,0.0018882409879257829,3298.8230150557097
1791242340,0.0018882409879257829,0.0019257548613854302,0.0018882409879257829,0.0019159256707887223,2014.862416185762
1791242400,0.0019159256707887223,0.0019277758696266665,0.0019000820760125211,0.0019098023186688037,401.9130132124875
1791242460,0.0019098023186688037,0.0019285466130313828,0.0019020498814923804,0.0019256242000189776,728.1233071220036
1791242520,0.0019256242000189776,0.0019256242000189776,0.0018884794287781592,0.0019040125052919223,1626.9702323298052
1791242580,0.0019040125052919223,0.0019040125052919223,0.0018209629808487694,0.0018362989924038682,5156.738955932698
1791242640,0.0018362989924038682,0.0019099511260964196,0.0018231342866569745,0.0019099511260964196,3539.4930471365565
1791242700,0.0019099511260964196,0.0019099511260964196,0.0018640764643833697,0.0019090475820523034,1327.7800542253697
1791242760,0.0019090475820523034,0.0019132632498525023,0.0018538032592350605,0.001869356238890779,1621.9215569646083
1791242820,0.001869356238890779,0.0018722397719099619,0.0018135941530763404,0.0018510156047222767,2324.875580865786
1791242880,0.0018510156047222767,0.0018782531213407175,0.0018337494831909258,0.0018599097523406387,1095.9435917203946
1791242940,0.0018599097523406387,0.0018862733998411061,0.0018285775102488805,0.0018859106398348613,1743.6347627720202
1791243000,0.0018859106398348613,0.00189283493187177,0.0018489224397529348,0.0018507362662037727,1690.1800648129397
1791243060,0.0018507362662037727,0.001884519300047334,0.001850168972502322,0.001855558056976707,1064.5700479090165
1791243120,0.001855558056976707,0.001881198524369134,0.001842895503447227,0.001851123441747732,1770.6211437025459
1791243180,0.001851123441747732,0.002113714497224284,0.0018367749981350874,0.002106039379424113,7993.68693319388
1791243240,0.002106039379424113,0.00210831514459449,0.0020604208421207575,0.002091202329016789,1543.1002664429327
1791243300,0.002091202329016789,0.0021303827343997815,0.002091202329016789,0.002094202479923896,843.9484350767008
1791243360,0.002094202479923896,0.002105802711383891,0.002062475073976975,0.0020906643150331266,883.8821139687828
1791243420,0.0020906643150331266,0.0021184744830297676,0.0020536030716235046,0.0020964802086770465,2691.1472706523405
1791243480,0.0020964802086770465,0.0021474757122547775,0.002094352568170441,0.0021120638470580057,1275.123925735738
1791243540,0.0021120638470580057,0.003232374319184965,0.002108811987906471,0.0026885626489469433,61766.08404997508
1791243600,0.0026885626489469433,0.002804808012123577,0.002610025159911591,0.002752077473807813,16768.791188571973
1791243660,0.002752077473807813,0.0033530255490251235,0.0027379298248304913,0.00302438176950466,33479.9819321365
1791243720,0.00302438176950466,0.0033635367483930557,0.00296595979470665,0.003114145647325105,37764.359918742506
1791243780,0.003114145647325105,0.003114145647325105,0.0027358482109508136,0.0028420856674482224,22322.79911345155
1791243840,0.0028420856674482224,0.0028736864040236404,0.0027673463129914183,0.0027673463129914183,4438.299706846298
1791243900,0.0027673463129914183,0.0028518029201931683,0.0027673463129914183,0.002844016819555514,3805.242103855343
1791243960,0.002844016819555514,0.0029029851717498564,0.002707050868408952,0.0027285631323666877,15841.226863398442
1791244020,0.0027285631323666877,0.002763383239628073,0.00256441010896406,0.0025925506158363015,6236.23921971311
1791244080,0.0025925506158363015,0.0027443510514313244,0.002574608123694021,0.0027388431680360824,6315.705814925834
1791244140,0.0027388431680360824,0.0027388431680360824,0.002615890596694939,0.002615890596694939,2848.8626462412813
1791244200,0.002615890596694939,0.002861750459410548,0.0026146041630093994,0.002833774325331285,8196.621903861691
1791244260,0.002833774325331285,0.003032661076792871,0.0028317572016377584,0.0029422050632482745,7932.5005569889945
1791244320,0.0029422050632482745,0.0029422050632482745,0.002580997947701537,0.0027399225572081335,18907.79933421837
1791244380,0.0027399225572081335,0.0029088433951591766,0.0026947798300159457,0.0029088433951591766,9433.870041467651
1791244440,0.0029088433951591766,0.0032919413962943893,0.002862678688820405,0.0031409982089196315,18955.7343407974
1791244500,0.0031409982089196315,0.003437976529458762,0.0027314703564346836,0.0033748459932855645,62266.05126058479
1791244560,0.0033748459932855645,0.00352365306612592,0.003205753812890596,0.0032437228077867018,33240.88677898704
1791244620,0.0032437228077867018,0.0033129354543891556,0.003027612200640667,0.0030658010402636153,17356.187516209488
1791244680,0.0030658010402636153,0.003218589294082436,0.003040201158831972,0.0032101854129724943,13031.700974758509
1791244740,0.0032101854129724943,0.003243250587635556,0.0030427604335002256,0.0030427604335002256,8704.982147250046
1791244800,0.0030427604335002256,0.0031456677856648648,0.0030427604335002256,0.003097321068494738,3536.9246121541787
1791244860,0.003097321068494738,0.003139882392949387,0.003049332277129085,0.0030818288777922725,2620.7811917541508
1791244920,0.0030818288777922725,0.003169087509014092,0.0030814548816487275,0.0031345882197246744,3310.981127246084
1791244980,0.0031345882197246744,0.003220940102586577,0.003125547441156221,0.003220940102586577,3185.945498051392
1791245040,0.003220940102586577,0.0035077304912284613,0.00318636216487207,0.00341654877328948,10766.90490034831
1791245100,0.00341654877328948,0.0034625975542055417,0.0032192184992580896,0.003276667476802635,7556.650893077311
1791245160,0.003276667476802635,0.003340865206789187,0.0031671508753328454,0.0031673860256467502,4657.2165532672
1791245220,0.0031673860256467502,0.003218962144626496,0.0029752583886388413,0.00307868931887135,8837.349660940921
1791245280,0.00307868931887135,0.0031015334841175994,0.0026769762036226072,0.002782192499011511,23669.542492597368
1791245340,0.002782192499011511,0.002862827919709025,0.0027381705257005845,0.002770486758278074,9199.90305234838
1791245400,0.002770486758278074,0.0028945707883362643,0.002768480157632111,0.0028588742092856543,3863.730700160756
1791245460,0.0028588742092856543,0.0029321152172188626,0.0027504309256763905,0.002906226910587701,14996.105638811969
1791245520,0.002906226910587701,0.003112870292091022,0.0028626709543891266,0.0031086943819083825,8024.4027172012675
1791245580,0.0031086943819083825,0.0031086943819083825,0.003025564477277922,0.00306843357955698,3401.4608997373953
1791245640,0.00306843357955698,0.0031607210087292613,0.0030536320095837,0.003133116113737022,5892.4869750036205
1791245700,0.003133116113737022,0.0032442560402849564,0.0028940475104565016,0.003026802680118837,13187.359092110537
1791245760,0.003026802680118837,0.0030887572337418025,0.0029257443606203627,0.0030458334539116977,4434.798409214414
1791245820,0.0030458334539116977,0.0032481850470295736,0.003013991731232391,0.0032428560963270008,6590.874702335686
1791245880,0.0032428560963270008,0.003405954509301541,0.0032258587538081546,0.003329882433573548,6454.336603448413
1791245940,0.003329882433573548,0.0034315922187331087,0.0032301186486994858,0.0032792338673672495,9493.658965556637
1791246000,0.0032792338673672495,0.003381033860079728,0.003108501800405359,0.0031392512139468524,8297.111572164435
1791246060,0.0031392512139468524,0.0031909391105218246,0.0029676955984251968,0.003103087837760789,10515.978204385481
1791246120,0.003103087837760789,0.0031252553326984282,0.00305326366748268,0.0030909519989115093,2416.5689616616123
1791246180,0.0030909519989115093,0.003096492172107496,0.003047187779048806,0.003079165488151857,697.9306228858953
1791246240,0.003079165488151857,0.0032106374640317216,0.0030435114471180913,0.0032099985586780096,3879.51093487112
1791246300,0.0032099985586780096,0.0032422774923501247,0.0031032548129139984,0.003134235512805683,2329.179284966559
1791246360,0.003134235512805683,0.0031348087713649747,0.0030013582149073692,0.0030013582149073692,2123.602425985241
1791246420,0.0030013582149073692,0.003024472972454749,0.0029612966585041605,0.0029942301518889464,1058.1955989716992
1791246480,0.0029942301518889464,0.0030032557976422715,0.0028817232042052635,0.0030032557976422715,3999.7335844974236
1791246540,0.0030032557976422715,0.0030185749983685,0.0029438740059649494,0.0029438740059649494,2082.450423708402
1791246600,0.0029438740059649494,0.0030094903013556224,0.0029331014695972144,0.003003442322703772,2146.5011746559658
1791246660,0.003003442322703772,0.0030893460608054616,0.00296774186891471,0.0029862713594360894,8337.84588587218
1791246720,0.0029862713594360894,0.003030956207094188,0.0029540049250742504,0.0029965338196943376,1553.2844974610437
1791246780,0.0029965338196943376,0.0030850254755320963,0.002990429601249343,0.0030850254755320963,1505.4614967894966
1791246840,0.0030850254755320963,0.003087714795671335,0.003051716830820599,0.0030522049610270303,254.01434245084164
1791246900,0.0030522049610270303,0.0030522049610270303,0.0029539618266751343,0.0029539618266751343,2378.540879423925
1791246960,0.0029539618266751343,0.0029825635207172316,0.0029388537229370713,0.0029802229280792413,699.3164083687705
1791247020,0.0029802229280792413,0.0029802229280792413,0.002908122738098205,0.002940598936030653,1227.584030963523
1791247080,0.002940598936030653,0.0029578110045123803,0.0029109811421801327,0.0029377692343649916,672.7702220880861
1791247140,0.0029377692343649916,0.0029377692343649916,0.00289044384759924,0.0029225876067552788,1087.0400071802328
1791247200,0.0029225876067552788,0.0029322496577252667,0.0028524277452213567,0.002883857951998119,1528.8047718537075
1791247260,0.002883857951998119,0.002895404065121615,0.002789759946544967,0.002789759946544967,2704.569969666679
1791247320,0.002789759946544967,0.002866815078428901,0.0027547180809025635,0.0027547180809025635,2980.951216776993
1791247380,0.0027547180809025635,0.00278493813409897,0.0025861322323407557,0.002624967129458568,7814.93946784914
1791247440,0.002624967129458568,0.00275705724270266,0.002624967129458568,0.0027105778977867282,6889.000272394578
1791247500,0.0027105778977867282,0.002784834438260176,0.0027058977122877623,0.0027561546359301655,2931.366300021734
1791247560,0.0027561546359301655,0.0027735229527607055,0.0026978168227002517,0.0027705362679284846,2202.190015787475
1791247620,0.0027705362679284846,0.0028139205289057175,0.002741469551717926,0.0028113540870251543,1775.164603547719
1791247680,0.0028113540870251543,0.002860845716401953,0.0027829942842583434,0.00282139418153945,1538.704804388293
1791247740,0.00282139418153945,0.00285057972385634,0.0028093566942619893,0.002839199669158972,473.14516346572185
1791247800,0.002839199669158972,0.0028603938737401594,0.002811346553868447,0.0028281927847568704,659.2816959591927
1791247860,0.0028281927847568704,0.0028462264905270967,0.0027624042375375443,0.0028072952854336203,2829.822436092755
1791247920,0.0028072952854336203,0.0028072952854336203,0.002726739345970984,0.002729206416954786,2393.6814447121415
1791247980,0.002729206416954786,0.0027581565443062224,0.002704752411361572,0.0027537595181190188,2059.591495100937
1791248040,0.0027537595181190188,0.002904622240647812,0.0026715365584581603,0.002904622240647812,8011.137056927151
1791248100,0.002904622240647812,0.003156339825551883,0.002874414013065296,0.003102104266937623,13942.975637187863
1791248160,0.003102104266937623,0.003449626009660819,0.0030940440791886506,0.003403440769361845,22209.978208919056
1791248220,0.003403440769361845,0.0034689800310614798,0.003200334918743469,0.003226854928255207,14039.849270137765
1791248280,0.003226854928255207,0.0035156714145735905,0.003226854928255207,0.0034690246936989505,12381.095567764001
1791248340,0.0034690246936989505,0.0037158981537149275,0.0033482916484969642,0.003667706410749992,17982.49312619684
1791248400,0.003667706410749992,0.0036700773510167585,0.0032722277662377845,0.0033117077762613105,22507.481856394614
1791248460,0.0033117077762613105,0.003599234078803818,0.003311634067168728,0.0035403672667630344,13787.411354482912
1791248520,0.0035403672667630344,0.003928531346370638,0.0034824941208469445,0.0037799304986975276,21865.225158020217
1791248580,0.0037799304986975276,0.0041697273773037904,0.0037557333561714576,0.004153198964335042,52002.92342895009
1791248640,0.004153198964335042,0.0041883677100807626,0.003889513548539941,0.003982656455231889,20391.964175896494
1791248700,0.003982656455231889,0.003994147060836489,0.0037553283248477004,0.003795130148020839,13406.341747418157
1791248760,0.003795130148020839,0.004136909807184983,0.003758796410061725,0.004037884683675615,22218.826226119345
1791248820,0.004037884683675615,0.004267716450238297,0.003827664453867798,0.003925561914628302,30517.928257370826
1791248880,0.003925561914628302,0.0042813429404002755,0.003893561499933895,0.004090874613408316,19950.840458116978
1791248940,0.004090874613408316,0.004090874613408316,0.003966650569308443,0.004045101012789326,6914.449832822506
1791249000,0.004045101012789326,0.0040828193555418404,0.003684045196851192,0.003725587526649115,17472.096540643633
1791249060,0.003725587526649115,0.003754349899354351,0.0036305263258437225,0.003656673938775392,6658.6761379960935
1791249120,0.003656673938775392,0.003778918213457826,0.003656673938775392,0.0036790368015812845,6594.499633815322
1791249180,0.0036790368015812845,0.003908834492664197,0.003650257735644592,0.003849674202244349,9976.767769120852
1791249240,0.003849674202244349,0.003945681835754792,0.0037483507656521984,0.003925994203853099,5367.431945114836
1791249300,0.003925994203853099,0.004089010909772385,0.003889463214945598,0.004060433680775692,7503.258468583298
1791249360,0.004060433680775692,0.004194323782801077,0.0040021543693281375,0.004071915627569577,9931.659040268552
1791249420,0.004071915627569577,0.004146524099595417,0.0037821830742535904,0.0039159252751721565,20726.59401465867
1791249480,0.0039159252751721565,0.003931452071885621,0.0035219671007994634,0.003598764763849329,18180.50363000004
1791249540,0.003598764763849329,0.003987757124886065,0.0035584288046791447,0.003849500797646026,22948.871802743342
1791249600,0.003849500797646026,0.003851223023422658,0.00374616807275974,0.0037784115389440584,3592.963181641987
1791249660,0.0037784115389440584,0.003783773200562716,0.003552886650076085,0.003691506207517326,9385.727153201842
1791249720,0.003691506207517326,0.0037476630984250234,0.0036268664544386402,0.0036268664544386402,2638.773309161791
1791249780,0.0036268664544386402,0.0038738886049510396,0.003509587570259065,0.003829324373924424,11421.56131570286
1791249840,0.003829324373924424,0.003857036763482185,0.003575480364180905,0.0035920825967739527,7194.196002841561
1791249900,0.0035920825967739527,0.0036698030644708207,0.0035607423164219524,0.0036069155257743503,3211.5910962352814
1791249960,0.0036069155257743503,0.0037333345032521167,0.0035605374532611065,0.0036982171419214977,3424.757028007471
1791250020,0.0036982171419214977,0.0038036194811032578,0.0036242892531558823,0.003673519103170055,6883.887647138816
1791250080,0.003673519103170055,0.004531960163593486,0.0036411022509435986,0.004383346300085161,30075.638601027964
1791250140,0.004383346300085161,0.004470105555085856,0.004059190712352516,0.004266177464396632,22663.847508215375
1791250200,0.004266177464396632,0.0043087190207368965,0.003983645488814324,0.004138036560220379,21897.2180117664
1791250260,0.004138036560220379,0.004459502917569957,0.004030795708236811,0.004386732564154037,26870.74496525993
1791250320,0.004386732564154037,0.004436336271029117,0.004082157986046945,0.0041433129373573295,17560.41217540109
1791250380,0.0041433129373573295,0.004202741474017857,0.004076766069134851,0.004145549112982629,6647.350108941129
1791250440,0.004145549112982629,0.0046653779465410244,0.004002196436339133,0.004509790331841118,40300.155362520614
1791250500,0.004509790331841118,0.004880897740228104,0.004441326342900331,0.004828486570151117,55484.01173190652
1791250560,0.004828486570151117,0.005054847568714525,0.004515065569173109,0.004695038835024588,53621.370986397946
1791250620,0.004695038835024588,0.0059661693801737505,0.004550601271171677,0.005459166706399225,82344.72674970544
1791250680,0.005459166706399225,0.005883605730505133,0.004702197838198189,0.005031929828264546,154084.35628608993
1791250740,0.005031929828264546,0.005457798175106277,0.005031929828264546,0.005318415453738242,52703.16495489944
1791250800,0.005318415453738242,0.005425625401279318,0.005143342239293301,0.005285837822062767,47983.6958637901
1791250860,0.005285837822062767,0.005304578489544597,0.004699474837248884,0.004830822320533625,34377.23329241186
1791250920,0.004830822320533625,0.0051908932288710526,0.004635443199962577,0.005161799034701619,26366.516207980363
1791250980,0.005161799034701619,0.005249539782774568,0.004963779982934611,0.0050856386633424235,20628.521111804537
1791251040,0.0050856386633424235,0.0050856386633424235,0.004788381209856436,0.00483953653720933,14453.422410736142
1791251100,0.00483953653720933,0.00483953653720933,0.004429971591252175,0.004584545490538731,44232.5644563512
1791251160,0.004584545490538731,0.004792153671884897,0.004503169837471658,0.00464068771863111,13871.99597881004
1791251220,0.00464068771863111,0.00464068771863111,0.004404118256816956,0.004502945881479306,16576.30134484621
1791251280,0.004502945881479306,0.004548030051392887,0.0043313722671441904,0.004385704289698724,11244.628941174837
1791251340,0.004385704289698724,0.004469336059062359,0.004285707662845275,0.004341005759891539,12668.617711889889
1791251400,0.004341005759891539,0.004506133330599159,0.004319572750909022,0.004445747125364875,10275.509452237642
1791251460,0.004445747125364875,0.004622191211765592,0.004404403313130295,0.004473808144053661,10329.074743469762
1791251520,0.004473808144053661,0.004478644205633349,0.004224706596786857,0.004248851157682224,15760.017764152033
1791251580,0.004248851157682224,0.004326447193731628,0.004136765528708324,0.004214970366240717,8739.262995649366
1791251640,0.004214970366240717,0.004335437977321834,0.004118314007184392,0.004135004160124047,12437.885196875122
1791251700,0.004135004160124047,0.004203531652872555,0.004044089803737447,0.0040511848164556,11258.651490158198
1791251760,0.0040511848164556,0.00424797530583773,0.004041794488587142,0.004073425771688477,10949.655281304653
1791251820,0.004073425771688477,0.00423577647340903,0.004062918030113505,0.00423532815733716,5595.2636467655075
1791251880,0.00423532815733716,0.004240377429467673,0.004065473563152179,0.004170520607741726,6243.8045563877695
1791251940,0.004170520607741726,0.00445993910426333,0.004107585436645185,0.0044156722548533665,11416.760486336341
1791252000,0.0044156722548533665,0.004517878683345428,0.004384448280042303,0.004430440525793763,7773.653091824415
1791252060,0.004430440525793763,0.004594187256579321,0.0043699986336789955,0.004376299229367187,9404.414400249503
1791252120,0.004376299229367187,0.004421790005522276,0.004330061761524811,0.0043777865780343745,4575.420657880865
1791252180,0.0043777865780343745,0.005039085882885855,0.004303169001942019,0.0049549089271825565,29907.088202942792
1791252240,0.0049549089271825565,0.005076458130275608,0.004816409201321362,0.004868879540800599,27661.137708102557
1791252300,0.004868879540800599,0.004883120411356278,0.004692032575375899,0.004704794547226227,7111.916013468666
1791252360,0.004704794547226227,0.005319148367887191,0.0046485343599893345,0.00477243366281647,53217.70470835362
1791252420,0.00477243366281647,0.004895202908045266,0.004744521039070924,0.004804366146886638,6032.258016102399
1791252480,0.004804366146886638,0.00482651146335697,0.004565813047111318,0.004577046525423028,10732.990728270966
1791252540,0.004577046525423028,0.004678823948492096,0.004497880311535955,0.004592492720461131,9536.284472917772
1791252600,0.004592492720461131,0.00477235421978616,0.004480672549741609,0.004694156217110125,10327.256205930278
1791252660,0.004694156217110125,0.004862982636192368,0.00468095445573583,0.004780385808354606,5631.178626832236
1791252720,0.004780385808354606,0.004794951070283463,0.004692600935201477,0.004733554761675231,2372.674639738936
1791252780,0.004733554761675231,0.004733554761675231,0.004602342723548557,0.004604014967037213,2368.829807391716
1791252840,0.004604014967037213,0.004666428818040896,0.004511049841502511,0.004666428818040896,5921.496667550922
1791252900,0.004666428818040896,0.004778530775571571,0.004612616592130564,0.00472175439040935,4415.635503875409
1791252960,0.00472175439040935,0.004777579644123352,0.004533880759886726,0.004680855032564634,6531.32393968964
1791253020,0.004680855032564634,0.0047417763949882345,0.0045979229924705805,0.0046133574428844255,2581.0854913216913
1791253080,0.0046133574428844255,0.0048241257603029,0.004591484557051839,0.004810727479453088,6550.753885747839
1791253140,0.004810727479453088,0.004810727479453088,0.0047257773354540174,0.0047579275966724965,1923.9215507154445
1791253200,0.0047579275966724965,0.004826985996669881,0.00469906171024775,0.004739907588448322,3233.7555122711983
1791253260,0.004739907588448322,0.004751567549632156,0.004682166584817877,0.00468570507548421,1023.7069419722952
1791253320,0.00468570507548421,0.00473992011471162,0.004489576722146088,0.004536722758394228,6032.61291685024
1791253380,0.004536722758394228,0.004565874609104418,0.00424586807482113,0.004287208707766948,13006.843083437387
1791253440,0.004287208707766948,0.004304312044114088,0.004052532286867908,0.004146862921848214,8748.46039343323
1791253500,0.004146862921848214,0.004187575499157191,0.003933379243393995,0.004070437742344167,15780.012546747846
1791253560,0.004070437742344167,0.004092783763484681,0.003934839290189839,0.003970784293355142,7855.88958565624
1791253620,0.003970784293355142,0.004115708644153059,0.003940094241564344,0.004085716754552549,9211.580139529584
1791253680,0.004085716754552549,0.004085716754552549,0.0039495478010909135,0.003972172803035063,6649.637088780927
1791253740,0.003972172803035063,0.004008195429460653,0.0039273845014565914,0.0039663738459700905,2483.4327663276717
1791253800,0.0039663738459700905,0.004015807224912414,0.0036754235554428798,0.00372260901811274,16422.35629998633
1791253860,0.00372260901811274,0.003891588140778496,0.003687504418998659,0.0037683593060408795,11411.701550321059
1791253920,0.0037683593060408795,0.0039855430177950235,0.0037479531010913736,0.0039855430177950235,11518.386175682554
1791253980,0.0039855430177950235,0.004004606893847631,0.003853436577104086,0.003928760477299538,3587.8975367803378
1791254040,0.003928760477299538,0.004004626120441075,0.003921200362573769,0.004000447138033923,2942.403612529147
1791254100,0.004000447138033923,0.004004338657474779,0.0038901192156028538,0.003987569248450323,5007.198914680332
1791254160,0.003987569248450323,0.003992228920803494,0.0038554234683240473,0.0038899695499432377,3110.0538224373945
1791254220,0.0038899695499432377,0.0039974940493621,0.003803911484977687,0.0038435650773282486,5677.726347704815
1791254280,0.0038435650773282486,0.0038847362244030697,0.0037166604547142785,0.0038016400169806615,3961.2267451951707
1791254340,0.0038016400169806615,0.0038808971323500145,0.0037188278346875583,0.0037339341436609507,6917.954256574923
1791254400,0.0037339341436609507,0.0037911561036913697,0.003715366415841853,0.0037166098186545947,1628.7546612749006
1791254460,0.0037166098186545947,0.0037561556656957895,0.003495430799823125,0.003584658637557166,16982.411057804085
1791254520,0.003584658637557166,0.003658509731233591,0.0034963608100864072,0.0036006830533128202,12154.001510032133
1791254580,0.0036006830533128202,0.0036914252845713156,0.003516171556120718,0.003526505745409311,7106.550594440767
1791254640,0.003526505745409311,0.0038689050117658983,0.00347568962146704,0.0038689050117658983,8580.03886479299
1791254700,0.0038689050117658983,0.003923478128845606,0.0037645514816119327,0.0038329695945017216,6202.029370290565
1791254760,0.0038329695945017216,0.003908865144406638,0.0037533243615059174,0.0038196891332672738,3956.346948000806
1791254820,0.0038196891332672738,0.003913183221566526,0.003784614149841969,0.0037985786647444547,5709.638425865092
1791254880,0.0037985786647444547,0.003856923096447495,0.003788886179694001,0.003844912030596719,1482.9128437092174
1791254940,0.003844912030596719,0.0039359417302273795,0.0038072835465953227,0.003847947928530836,3420.6422323084216
1791255000,0.003847947928530836,0.0039212053036560635,0.0038125788351619345,0.0038125788351619345,3140.557286405077
1791255060,0.0038125788351619345,0.003878143566289577,0.00377525771288025,0.0038104441502701913,2344.8804470153464
1791255120,0.0038104441502701913,0.0038104441502701913,0.00375657150514953,0.0037938602605200357,1471.0069300001499
1791255180,0.0037938602605200357,0.0038009682644159336,0.0036740106945895717,0.003682755345984826,3792.401455281217
1791255240,0.003682755345984826,0.0036832736926023695,0.003624608338832635,0.0036407155569628713,2005.6363500661791
1791255300,0.0036407155569628713,0.0036778493949443354,0.0034160209875333837,0.003490891567847198,12943.366369505771
1791255360,0.003490891567847198,0.0035091247921259215,0.003385121738393261,0.003440633383000763,7894.524198109013
1791255420,0.003440633383000763,0.003440633383000763,0.003323766965015221,0.003362235729855756,7895.770106776691
1791255480,0.003362235729855756,0.003455353408672125,0.0033098995514672528,0.0034206484375935713,4172.019762430249
1791255540,0.0034206484375935713,0.003468292339994821,0.003289180141203144,0.003317900656753296,5163.383136524546
1791255600,0.003317900656753296,0.0036060278755671057,0.003298097470353149,0.003550081938839432,9748.690799496015
1791255660,0.003550081938839432,0.003611920590733016,0.0035387792640957064,0.003574885278468553,2238.8742355650093
1791255720,0.003574885278468553,0.003644815978399308,0.0035590721141068723,0.0035590721141068723,2298.906743554046
1791255780,0.0035590721141068723,0.0036351114298293595,0.00355379204571449,0.0035955458473866993,2123.9227517909712
1791255840,0.0035955458473866993,0.0036936268384427304,0.003582311383940978,0.0036936268384427304,3700.374828387735
1791255900,0.0036936268384427304,0.0037009861351688655,0.00365018411528303,0.0037009861351688655,1757.9259212322384
1791255960,0.0037009861351688655,0.003715093755265322,0.003577666924318504,0.0035945304028065024,2366.26572130783
1791256020,0.0035945304028065024,0.0036713041505629877,0.0035735995853527344,0.0036095484508953534,2999.415378099655
1791256080,0.0036095484508953534,0.0037781368688091224,0.0035724878429686745,0.003730679344239786,6509.9345977870635
1791256140,0.003730679344239786,0.0037779102854479637,0.00367936946514326,0.0036888227561898135,4466.653240901636
1791256200,0.0036888227561898135,0.003828175871148794,0.0036888227561898135,0.00378338356564011,3143.1574548823805
1791256260,0.00378338356564011,0.0038475684021569453,0.0037554540753531847,0.0037675739485722197,2377.83740009824
1791256320,0.0037675739485722197,0.0037675739485722197,0.00368264137904029,0.003736231581892689,2491.577391615993
1791256380,0.003736231581892689,0.003736231581892689,0.003623537834183616,0.0036714487565923048,2597.819676845395
1791256440,0.0036714487565923048,0.003674351530134634,0.003636280314944598,0.003671877050041966,319.3775658876678
1791256500,0.003671877050041966,0.0037371742791188598,0.0036603950989442468,0.0037158037938163,2079.1729151979785
1791256560,0.0037158037938163,0.0037158037938163,0.003462494890557797,0.0035010918203100335,5595.3264980501335
1791256620,0.0035010918203100335,0.0035212580476875863,0.003480465637471846,0.0035152061744900365,514.0812230194164
1791256680,0.0035152061744900365,0.003542339546792298,0.0034835032894672516,0.0035422929315412906,1188.4394095809819
1791256740,0.0035422929315412906,0.0035689957442222053,0.0034973219536527794,0.0035504944951369848,1644.9007078552827
1791256800,0.0035504944951369848,0.0035504944951369848,0.0033848000999499874,0.003458909188076619,6004.602162211882
1791256860,0.003458909188076619,0.0034668339568836326,0.003192631557383016,0.0032407387486651116,9334.401308767328
1791256920,0.0032407387486651116,0.0033192043221784706,0.003104576372403695,0.0031555305238700096,13366.768067164256
1791256980,0.0031555305238700096,0.0031954533755202477,0.0030100564154836467,0.0030903849872701487,18326.318999595456
1791257040,0.0030903849872701487,0.003113052407110629,0.0030583106571836025,0.003113052407110629,2491.2400815607775
1791257100,0.003113052407110629,0.003213193543953985,0.0030483700800176,0.0031783880726949402,6588.524825712495
1791257160,0.0031783880726949402,0.0033298658586225906,0.003115993341718858,0.0031648564687763825,9553.107960521913
1791257220,0.0031648564687763825,0.0031824494736134765,0.0029669324929155407,0.0030212132485516927,10354.972465729283
1791257280,0.0030212132485516927,0.0030521940215562427,0.002960277333559281,0.0030439685042577655,2631.8353894794386
1791257340,0.0030439685042577655,0.003070519027970603,0.0029066546802024593,0.0029565025525000736,11245.746866782067
1791257400,0.0029565025525000736,0.0030605948858618325,0.002924762995053159,0.0029839731044525603,6269.552390401313
1791257460,0.0029839731044525603,0.003033864008815249,0.002793739585040014,0.0028612557028943495,17368.1643996699
1791257520,0.0028612557028943495,0.0029397497238521047,0.0028428183627231493,0.0028587288360054095,4381.777554132999
1791257580,0.0028587288360054095,0.002992667882979904,0.0028587288360054095,0.002903874882486268,8101.673184915018
1791257640,0.002903874882486268,0.0030604545152639146,0.0028634470036733493,0.0030604545152639146,5339.491357331493
1791257700,0.0030604545152639146,0.0030604545152639146,0.0030083550800062194,0.003009795406031262,1032.6293466112445
1791257760,0.003009795406031262,0.003038753577721295,0.0029517907097190484,0.0029808537445482736,2951.3363559206045
1791257820,0.0029808537445482736,0.003022840646177239,0.0029495028831518374,0.0030180660023717268,1619.3722163836244
1791257880,0.0030180660023717268,0.0030632851450321094,0.0029813031902531846,0.0030523185679839564,1537.583868570763
1791257940,0.0030523185679839564,0.0031735129845576193,0.003022749066707186,0.0031519058053878757,5625.565724610417
1791258000,0.0031519058053878757,0.0031952193646829735,0.003110432850300407,0.0031952193646829735,4344.998387315998
1791258060,0.0031952193646829735,0.003224760906404712,0.0031048197484835833,0.003163607509899388,5352.200900518187
1791258120,0.003163607509899388,0.003163607509899388,0.003096537193660488,0.003100394321756453,1532.9547431672186
1791258180,0.003100394321756453,0.003142933421364632,0.003085206805985631,0.003142820453468506,803.0144955334024
1791258240,0.003142820453468506,0.0031432298979315173,0.002956785396143703,0.002987907600154598,3495.290415475014
1791258300,0.002987907600154598,0.0030936509690551823,0.002971179942203825,0.0030568590354731326,4134.7735125743875
1791258360,0.0030568590354731326,0.0030568590354731326,0.002916058267477489,0.0030282280515501964,6394.70799546467
1791258420,0.0030282280515501964,0.003141336219661492,0.0030148860502643184,0.003109429235483641,4330.830186430359
1791258480,0.003109429235483641,0.0031463759200423326,0.0030891367711307605,0.0030891367711307605,1657.4425928625
1791258540,0.0030891367711307605,0.003121894391742975,0.0030853912640434033,0.003089511623851954,719.1546114853454
1791258600,0.003089511623851954,0.0031818795107850587,0.003089511623851954,0.0031035835902615593,3273.7492912188764
1791258660,0.0031035835902615593,0.0031943909907243932,0.0031022728324815742,0.0031851070960285483,2274.5695819030907
1791258720,0.0031851070960285483,0.0031969898697476614,0.0031123890970024483,0.0031587105221806805,8231.249676960793
1791258780,0.0031587105221806805,0.003221808390926143,0.003127862111217963,0.003183162255262883,3113.9601903618777
1791258840,0.003183162255262883,0.003191693603767,0.0031239410553642183,0.003191693603767,1499.0634636459145
1791258900,0.003191693603767,0.003284399724984547,0.0031346045753312146,0.0032797679396403528,5039.333403989902
1791258960,0.0032797679396403528,0.0032806289324594094,0.003073607639670248,0.003073607639670248,2809.272764227306
1791259020,0.003073607639670248,0.0032230084587587904,0.003073607639670248,0.0032142181886709673,3019.8671828086362
1791259080,0.0032142181886709673,0.0032427951735823236,0.003167073902702478,0.0032021534995120234,910.2736963516431
1791259140,0.0032021534995120234,0.0032021534995120234,0.0031184084670738336,0.0031395897047181965,1154.1610986154744
1791259200,0.0031395897047181965,0.0032079807256087944,0.0030920629599048965,0.003204858282121027,3749.719174171511
1791259260,0.003204858282121027,0.003204858282121027,0.003184138282272803,0.003185577971160298,309.5506976037749
1791259320,0.003185577971160298,0.003223932863231156,0.003181141197699973,0.003192866261667638,311.5756802209968
1791259380,0.003192866261667638,0.0032203135479147004,0.0031419207554605074,0.003142271473729711,1386.8497676583088
1791259440,0.003142271473729711,0.0031937625645722745,0.003136167631979752,0.0031720962011118105,1034.9049667012218
1791259500,0.0031720962011118105,0.0032128139972211586,0.0031395519003280864,0.0032011295677246265,2658.1205798271626
1791259560,0.0032011295677246265,0.003210455368516815,0.003171345074964988,0.003171345074964988,622.7515218321631
1791259620,0.003171345074964988,0.003199321851013863,0.003165957647943047,0.003167349698602751,29.096215191525662
1791259680,0.003167349698602751,0.0031686380878462725,0.003164741655194789,0.003164741655194789,36.19833584737265
1791259740,0.003164741655194789,0.0032024637429675508,0.0031567917168336896,0.003195966916338887,969.7934476909846
1791259800,0.003195966916338887,0.003209871644990697,0.003140287164925077,0.003188939634970999,2616.5505996483753
1791259860,0.003188939634970999,0.0032009738060075335,0.003188939634970999,0.0032009738060075335,161.28791301593196
1791259920,0.0032009738060075335,0.0032249571791809154,0.003199858067638364,0.0032155035389962437,442.6276430541548
1791259980,0.0032155035389962437,0.0032232318692514764,0.003143703601548895,0.003143703601548895,1085.3356932104768
1791260040,0.003143703601548895,0.003171657466195086,0.003103036009558537,0.003103036009558537,1310.1312155703163
1791260160,0.003103036009558537,0.003103036009558537,0.003054725291534179,0.003070255802148854,1539.0978803952391
1791260220,0.003070255802148854,0.003070771453858547,0.003070255802148854,0.003070771453858547,1.4741166108995645
1791260280,0.003070771453858547,0.003070771453858547,0.0029468939335105635,0.00297806233374558,1851.0778007969527
1791260340,0.00297806233374558,0.00297806233374558,0.0028651664146711877,0.0028694520282798058,3375.70842402389
1791260400,0.0028694520282798058,0.002936155391807609,0.0028678851291396804,0.002914121326307237,2217.7925241122857
1791260460,0.002914121326307237,0.0029171910134659492,0.0028815275920870873,0.002885405765254724,325.9740365901869
1791260520,0.002885405765254724,0.00291786878342752,0.002848849624279034,0.002848849624279034,884.0607037568857
1791260580,0.002848849624279034,0.0028897298989630864,0.0026343905251358683,0.00265959984526549,13415.820734323666
1791260640,0.00265959984526549,0.00273891351142145,0.0025654781991489507,0.0026986307896508096,16073.741327954434
1791260700,0.0026986307896508096,0.0027470202379334284,0.002648803020969365,0.002744673341769338,5193.005158428261
1791260760,0.002744673341769338,0.002744673341769338,0.002616520822659015,0.002647942046720497,6014.647076139784
1791260820,0.002647942046720497,0.0027200198965037134,0.0026213735383070745,0.002691432342276324,3154.8974331847085
1791260880,0.002691432342276324,0.0027281671348291436,0.002652568191427059,0.0026948165503445265,2261.230657103455
1791260940,0.0026948165503445265,0.0027893733285206473,0.0026849290742142983,0.00275868143039399,2770.315493815021
1791261000,0.00275868143039399,0.002797846653740348,0.00274950543196484,0.002780668347733007,1597.825271401083
1791261060,0.002780668347733007,0.002802538511320965,0.002713513645203337,0.002718041269197279,2961.852780158784
1791261120,0.002718041269197279,0.0027763162235702053,0.0027068799594925927,0.0027369384101420344,2525.938539939422
1791261180,0.0027369384101420344,0.002744096804305552,0.002680574828538053,0.002690070406656745,2497.8047825076005
1791261240,0.002690070406656745,0.0027265698745086633,0.0026839978660772677,0.0026941774017549876,1105.8065718058285
1791261300,0.0026941774017549876,0.002731545923074207,0.002692292925683601,0.0027011718862167363,624.9686328365661
1791261360,0.0027011718862167363,0.002722468217699569,0.002693693924152884,0.0026947036833901965,161.41057550097594
1791261420,0.0026947036833901965,0.002737052607250126,0.0026947036833901965,0.002737052607250126,661.0810910166413
1791261480,0.002737052607250126,0.0027506681504958753,0.002632526239351277,0.0026489143987134495,3219.0422397028346
1791261540,0.0026489143987134495,0.0026668357960943604,0.0026202881055129314,0.0026668357960943604,511.3627250316421
1791261600,0.0026668357960943604,0.00270340180752053,0.002644856001246642,0.00269271098426905,988.1216060621518
1791261660,0.00269271098426905,0.0027119996144308127,0.002666564346839639,0.0026824183339889383,1236.4100724910734
1791261720,0.0026824183339889383,0.0027182843282397813,0.0026570505097757904,0.0026903857364569106,725.7000341424141
1791261780,0.0026903857364569106,0.0032165620816975225,0.0026560143014792417,0.0031932682445004073,21323.16221387141
1791261840,0.0031932682445004073,0.003371371683674826,0.0031932682445004073,0.003204269698754419,10887.445729033669
1791261900,0.003204269698754419,0.0032790047777733664,0.003198206300089427,0.003265290892140037,2896.171136763131
1791261960,0.003265290892140037,0.003265290892140037,0.003205557982780954,0.003205557982780954,685.3321959983532
1791262020,0.003205557982780954,0.0032537917425707937,0.0031684365363284835,0.0031983778602764057,2237.5400654639307
1791262080,0.0031983778602764057,0.003449809262400724,0.003181409729147638,0.0033818266615100955,8392.753537630064
1791262140,0.0033818266615100955,0.003652304261671139,0.0033818266615100955,0.0036508761462813346,13111.310049489415
1791262200,0.0036508761462813346,0.0037758278964401515,0.003545507059660293,0.003641247263541155,31818.995800556135
1791262260,0.003641247263541155,0.0037308822111482716,0.0035402377936485465,0.0036189878802346943,12823.537392292119
1791262320,0.0036189878802346943,0.0037508210701564953,0.003614834782985544,0.003696411975109154,6776.562188827245
1791262380,0.003696411975109154,0.0037273164351055484,0.00354650636628775,0.0035806057281941913,7579.315483155486
1791262440,0.0035806057281941913,0.0035860054139956353,0.0034854986479605685,0.0034903095750304716,5796.317165550228
1791262500,0.0034903095750304716,0.0037013751371504883,0.0034903095750304716,0.003658090549038701,7196.236637661882
1791262560,0.003658090549038701,0.003756537010950063,0.0036359807065235545,0.0037071198322785655,3881.588507332794
1791262620,0.0037071198322785655,0.0037164423721673836,0.0035285093792759596,0.003605394979308824,6885.288395994853
1791262680,0.003605394979308824,0.004015971673699438,0.0035898511444346346,0.00386845434373791,16486.909298457616
1791262740,0.00386845434373791,0.004322783898801887,0.003797710425506556,0.0040402022752521706,36899.61572389924
1791262800,0.0040402022752521706,0.0041756506659947415,0.003993287585214601,0.004072389020947311,12505.3264449919
1791262860,0.004072389020947311,0.004256479892037902,0.0040290538921295424,0.00422255797356633,7315.542189992493
1791262920,0.00422255797356633,0.004272465406580355,0.0038693577862005174,0.0038749076659755966,14114.660761716803
1791262980,0.0038749076659755966,0.003984935817757743,0.003830851110659254,0.003931638182063739,6098.1275766457775
1791263040,0.003931638182063739,0.003973540517680054,0.0038569967522808935,0.003877593986376842,3079.1035307510806
1791263100,0.003877593986376842,0.003976569571443014,0.0038361851884855876,0.003873054652768782,4550.654672367648
1791263160,0.003873054652768782,0.0038946077443866665,0.003822176883314257,0.0038401527805921364,1983.300405886572
1791263220,0.0038401527805921364,0.003905088712813234,0.0038237140629640873,0.0038237140629640873,2722.473702085863
1791263280,0.0038237140629640873,0.003913731550512976,0.0038237140629640873,0.0038958116423190416,2114.2106332633102
1791263340,0.0038958116423190416,0.003926033417026153,0.0038559031286071665,0.003897609262417405,1236.2577555756961
1791263400,0.003897609262417405,0.003897609262417405,0.0036864627044347203,0.0037101919977885543,6849.800660446758
1791263460,0.0037101919977885543,0.0037460201102690414,0.0035980765833623276,0.0036413724193348333,4250.057291134029
1791263520,0.0036413724193348333,0.0036413724193348333,0.0034935886888202055,0.0035339718721930256,5744.258404775674
1791263580,0.0035339718721930256,0.003807479465162251,0.0035339718721930256,0.003807479465162251,6205.647936028928
1791263640,0.003807479465162251,0.003905593466976316,0.0036763931254955207,0.0036763931254955207,8779.829711232644
1791263700,0.0036763931254955207,0.003707297963716354,0.003585864524282669,0.0036229144428961456,3439.52842368185
1791263760,0.0036229144428961456,0.003702386558362369,0.0036098971147942006,0.003661922086147359,2265.3779283672193
1791263820,0.003661922086147359,0.003661922086147359,0.0035929888864625853,0.0036187178509253094,1208.3910687447599
1791263880,0.0036187178509253094,0.003641834082019972,0.0035956709528493125,0.0035971103456421114,858.8997764805827
1791263940,0.0035971103456421114,0.003620673116560895,0.0035637713532759054,0.003620673116560895,1270.5240268794603
1791264000,0.003620673116560895,0.003620673116560895,0.0035032927861144334,0.00355115270406237,3130.7016442286786
1791264060,0.00355115270406237,0.0036085911668733766,0.0035134334369353363,0.0036085911668733766,1077.8945609511184
1791264120,0.0036085911668733766,0.0036085911668733766,0.00350986213719463,0.0035451816432058867,2306.2355818120645
1791264180,0.0035451816432058867,0.0035451816432058867,0.0034632391535932973,0.003496312866102404,1382.9668678587557
1791264240,0.003496312866102404,0.0035024701086609944,0.003462405394048515,0.003462405394048515,140.42319642207977
1791264300,0.003462405394048515,0.003475714309242189,0.0034023773370900953,0.0034148589115449214,2170.1625879827493
1791264360,0.0034148589115449214,0.0034507025045382085,0.0033913066074486658,0.0033955198270033387,1737.4626265086351
1791264420,0.0033955198270033387,0.0036063051664100123,0.0033955198270033387,0.0035577039746922585,4346.528512618182
1791264480,0.0035577039746922585,0.003830749431150715,0.0035577039746922585,0.0037367148223613612,13299.412352632702
1791264540,0.0037367148223613612,0.003864795046398194,0.00369158064323505,0.0038068952295797175,4354.966076933779
1791264600,0.0038068952295797175,0.0038435154881560235,0.003739881170904675,0.0037801298324882156,1821.3974705174796
1791264660,0.0037801298324882156,0.004457339984383378,0.003741258253945835,0.004233397003371642,17553.823763504795
1791264720,0.004233397003371642,0.004323086536437884,0.004189872884697224,0.004296429212017434,3712.0924815951844
1791264780,0.004296429212017434,0.00500617041550235,0.004192173715543807,0.004547367865266551,34244.42635744357
1791264840,0.004547367865266551,0.004603403405310969,0.0044447207869001346,0.004496033549681154,6274.85947098606
1791264900,0.004496033549681154,0.004750795871126287,0.004457040231316496,0.004556929447294445,10376.94651706409
1791264960,0.004556929447294445,0.004593390346499305,0.004422065830972263,0.004519615218298385,5766.309141740672
1791265020,0.004519615218298385,0.00456778282374626,0.004306887790658579,0.004332325795448921,9498.885294556854
1791265080,0.004332325795448921,0.00437883169835599,0.004274935249835488,0.004377584980202609,2784.0425680000108
1791265140,0.004377584980202609,0.004399581958077626,0.004280347255107814,0.004289175732590744,4048.5275311081177
1791265200,0.004289175732590744,0.004311081125212417,0.0041980009136103865,0.004305025799541993,2865.8734346246024
1791265260,0.004305025799541993,0.004393469634165132,0.004285968016473412,0.004375872402154044,2789.5306780306296
1791265320,0.004375872402154044,0.004458501119689366,0.004326689586947675,0.004458501119689366,2335.0117599358414
1791265380,0.004458501119689366,0.004557897174469125,0.0043063790608282035,0.004515696388516773,8732.649278245259
1791265440,0.004515696388516773,0.004523430813780958,0.004319494163403561,0.004486493725201805,5672.579807960631
1791265500,0.004486493725201805,0.004486493725201805,0.004230726436028029,0.004401079570432674,6941.095599218289
1791265560,0.004401079570432674,0.00443711067007711,0.004374370637319114,0.004374370637319114,1158.0585270625138
1791265620,0.004374370637319114,0.00443193839958889,0.00419799432436422,0.004326655305193573,7738.269845077717
1791265680,0.004326655305193573,0.004350195259635445,0.004250951193749834,0.004288075078002558,1672.8596301078155
1791265740,0.004288075078002558,0.004310651562623619,0.004246436780843162,0.0042718582064305444,1042.7063728517871
1791265800,0.0042718582064305444,0.004298755921352282,0.00413218632688298,0.00413218632688298,2805.182332413874
1791265860,0.00413218632688298,0.004173285097274765,0.004117554050427768,0.004117554050427768,464.683348617198
1791265920,0.004117554050427768,0.00415352362265375,0.004018808086460802,0.004092889273351359,3094.8800990726445
1791265980,0.004092889273351359,0.004093045475327815,0.003905659262709739,0.003943292630063075,2926.1465935978063
1791266040,0.003943292630063075,0.0039580971454578045,0.0038653359608227683,0.0039059614898597304,4125.289237440178
1791266100,0.0039059614898597304,0.003922474113721212,0.0037865629015716193,0.00387543295150094,5484.5714429862555
1791266160,0.00387543295150094,0.003935905635689692,0.0038206688483732815,0.003935905635689692,1934.1594647044135
1791266220,0.003935905635689692,0.003969779161680208,0.00392316356036129,0.003925066402384674,640.1265923397525
1791266280,0.003925066402384674,0.004063266194491362,0.003925066402384674,0.0040442728907035316,3406.018666090607
1791266340,0.0040442728907035316,0.004084397747145154,0.003951219674715462,0.00397175713885293,4905.806072556308
1791266400,0.00397175713885293,0.0040401825832868336,0.003969136344869953,0.0040044042317486294,1760.1146708864899
1791266460,0.0040044042317486294,0.004075384378778636,0.004002608330930387,0.004075384378778636,871.4466006880687
1791266520,0.004075384378778636,0.004079539037143269,0.0034909130432995506,0.003668172847633002,14984.627372591702
1791266580,0.003668172847633002,0.0037819295264272497,0.0036053634625989915,0.003699840253326266,8313.234661730638
1791266640,0.003699840253326266,0.0037006577184503873,0.003528700450936205,0.00358521178087449,6900.492137823669
1791266700,0.00358521178087449,0.003650253995103366,0.003522712395859686,0.0035704197669454954,6360.486090298205
1791266760,0.0035704197669454954,0.0035941219707425346,0.0035162508098243745,0.0035808016989784643,3077.8053054271572
1791266820,0.0035808016989784643,0.0036430216243332793,0.00354262620674515,0.003623574415006528,1778.6842813363726
1791266880,0.003623574415006528,0.003674069877008604,0.0036011198990027952,0.003657260418910062,3322.601028293023
1791266940,0.003657260418910062,0.003692677065710035,0.0036385490500438493,0.003686104840509307,1032.7819191594826
1791267000,0.003686104840509307,0.00376901696467732,0.0035219723332991716,0.0036605563540015196,10934.660234323524
1791267060,0.0036605563540015196,0.003701990841784977,0.003625508349519006,0.003678705207542059,1222.105065108289
1791267120,0.003678705207542059,0.0037403487292471172,0.003669030519766224,0.003704248892087791,1378.3139170913591
1791267180,0.003704248892087791,0.0037423638833826334,0.003596247999221399,0.0036330100305825637,2334.0177331259497
1791267240,0.0036330100305825637,0.003665178202343829,0.003591208240623793,0.003599147927616269,2063.5960992246364
1791267300,0.003599147927616269,0.0036494336439950267,0.003599147927616269,0.003645558917944733,1022.3227399863545
1791267360,0.003645558917944733,0.003645558917944733,0.0035665659439555446,0.0035837098187036036,1149.4021746310407
1791267420,0.0035837098187036036,0.003646732075100128,0.003583584905961159,0.00361473834212184,1286.5383659994086
1791267480,0.00361473834212184,0.0037241700837255674,0.0035978655727908846,0.003650771301817004,4102.878302600054
1791267540,0.003650771301817004,0.003676431657329033,0.0036249710372413574,0.003640074692335254,974.8026377702267
1791267600,0.003640074692335254,0.003665866933068545,0.0036218473031636197,0.003655588815348959,392.89679614406367
1791267660,0.003655588815348959,0.0036751278694665984,0.00362408124457079,0.0036594819256018122,821.4653675658883
1791267720,0.0036594819256018122,0.0036597927647941697,0.003621094618498803,0.003655828507906499,95.03284080320006
1791267780,0.003655828507906499,0.0036702470182048996,0.003655645258875617,0.0036702470182048996,346.19235170326823
1791267840,0.0036702470182048996,0.00368306164018789,0.0036413441137744425,0.0036667394404618597,1023.1261471478214
1791267900,0.0036667394404618597,0.0036971752406799543,0.003636286625251287,0.0036517852046170788,2445.4027318898943
1791267960,0.0036517852046170788,0.003663334698465752,0.0036517852046170788,0.003663334698465752,14.955162166886726
1791268020,0.003663334698465752,0.0036637590822189577,0.0036277970464924686,0.0036277970464924686,156.16716156885278
1791268080,0.0036277970464924686,0.00365899724168992,0.0034674313950606066,0.0035037121941559127,6059.258647278471
1791268140,0.0035037121941559127,0.0035085484400926843,0.0034165420393770783,0.0034165420393770783,3607.6791396675085
1791268200,0.0034165420393770783,0.00346429177739329,0.0032655986246911167,0.003300316728448925,10124.043922890844
1791268260,0.003300316728448925,0.00338840287886763,0.003267312906035574,0.003377285509663413,2850.033046675685
1791268320,0.003377285509663413,0.003464036299805041,0.003377285509663413,0.003464036299805041,1668.1209769794139
1791268380,0.003464036299805041,0.0035352771781325793,0.003464036299805041,0.0035352771781325793,1502.5184029391298
1791268440,0.0035352771781325793,0.0035543593309512725,0.003483656947703457,0.003483656947703457,1737.3579450750938
1791268500,0.003483656947703457,0.003658433458791176,0.0034479842932493435,0.0036164356883150463,7896.878576424003
1791268560,0.0036164356883150463,0.0036164356883150463,0.00358650611322094,0.00358650611322094,117.72071075043613
1791268620,0.00358650611322094,0.003601387403505558,0.0035750376855145597,0.003601387403505558,342.9277536609921
1791268680,0.003601387403505558,0.003613143891518717,0.003601387403505558,0.003613143891518717,73.86970327086539
1791268800,0.003613143891518717,0.0038426329478336873,0.003613143891518717,0.0037307331918634743,10609.911021400538
1791268860,0.0037307331918634743,0.003785618205803941,0.0037307331918634743,0.003770054358088427,1296.4363678939087
1791268920,0.003770054358088427,0.003770054358088427,0.003706813682685037,0.003740048913806818,913.4130294136485
1791268980,0.003740048913806818,0.004064434208377676,0.003740048913806818,0.004025814309021794,7575.038819180125
1791269040,0.004025814309021794,0.004027620924392665,0.00390282175317218,0.003937458755324458,2910.3276650132557
1791269100,0.003937458755324458,0.003973571798082196,0.0038786226253462734,0.0039156796886084064,2426.1645547966905
1791269160,0.0039156796886084064,0.003950851651444467,0.003913195831930022,0.003949967900334703,767.9349836654162
1791269220,0.003949967900334703,0.004036543302522499,0.0039312395354372575,0.004036543302522499,3754.9924524532553
1791269280,0.004036543302522499,0.004198146939166739,0.0038210848656438662,0.0041476881830463585,16823.423286814563
1791269340,0.0041476881830463585,0.004199391230543844,0.004077517496556757,0.004119571812979169,3661.018838171461
1791269400,0.004119571812979169,0.004119571812979169,0.004054739351009221,0.004070246736264807,1997.4640215447473
1791269460,0.004070246736264807,0.0040919700915279635,0.00399443831865971,0.004019211640551734,2653.684854510096
1791269520,0.004019211640551734,0.004066753508723539,0.0038948898805195946,0.003964709233284099,3392.75724549395
1791269580,0.003964709233284099,0.003982309464747802,0.003964709233284099,0.003982309464747802,29.82804496318898
1791269640,0.003982309464747802,0.0040041425865546265,0.003959145191720085,0.003959145191720085,441.2176756295443
1791269700,0.003959145191720085,0.004354132024455609,0.003954652219145022,0.004304075157644843,14408.680208019812
1791269760,0.004304075157644843,0.0043457454346772575,0.004199068448713266,0.00420494466907814,8177.821347537952
1791269820,0.00420494466907814,0.004834393527557576,0.004153474457832146,0.0047756935845991305,24060.337089940327
1791269880,0.0047756935845991305,0.005349580411244255,0.0047756935845991305,0.0049784440967299845,20454.127457426523
1791269940,0.0049784440967299845,0.005171963321480019,0.00488332470741029,0.004939973085105948,14081.50288800959
1791270000,0.004939973085105948,0.004942846174129045,0.0047731912258615556,0.004806454766921831,8440.199297647554
1791270060,0.004806454766921831,0.004842471753959997,0.004627206937979669,0.004687700638545608,5949.409956541513
1791270120,0.004687700638545608,0.004736044160001737,0.004553897637007062,0.00459831328176743,5978.865203074338
1791270180,0.00459831328176743,0.004659650274853155,0.00459831328176743,0.004659650274853155,1021.521228598806
1791270240,0.004659650274853155,0.004734816783758298,0.004613576309996345,0.004660524931199762,3624.651590260301
1791270300,0.004660524931199762,0.004683866946107079,0.004541324845103107,0.004593569145682943,3346.243033401386
1791270360,0.004593569145682943,0.004631235124022183,0.00452028056186645,0.004590574936748882,2653.659207801199
1791270420,0.004590574936748882,0.00496085821584457,0.004576233739260752,0.004850647240080858,11463.35886357765
1791270480,0.004850647240080858,0.005027108728765852,0.0048345975439889975,0.005021210437157225,12277.387345380033
1791270540,0.005021210437157225,0.005040925604963706,0.004901933209243479,0.004968566577671152,5217.4792953901315
1791270600,0.004968566577671152,0.0050052091806603175,0.004865131700874529,0.004944720643187686,6151.950006051325
1791270660,0.004944720643187686,0.005002359554159853,0.00485720766557019,0.00485720766557019,4842.689107808
1791270720,0.00485720766557019,0.0048779040255111155,0.004611127783939245,0.004613137435507972,6393.333622616502
1791270780,0.004613137435507972,0.004613137435507972,0.004498305472005749,0.004589291107072513,2890.9795528856034
1791270840,0.004589291107072513,0.004610704101354308,0.0044990810764033405,0.00456285674310805,3118.0634412851405
1791270900,0.00456285674310805,0.0046021905811179575,0.004445056317912729,0.004445056317912729,4303.303084134086
1791270960,0.004445056317912729,0.004485296931484359,0.004433702986185448,0.004444909480649448,1067.6683505931285
1791271020,0.004444909480649448,0.0045078415879719405,0.004347767981014251,0.004399784962215018,3535.882225056475
1791271080,0.004399784962215018,0.0044136694611125816,0.004335046157852426,0.004382583954672422,952.5012139759107
1791271140,0.004382583954672422,0.004382583954672422,0.004290003431237181,0.004347460221770722,1944.3487123264647
1791271200,0.004347460221770722,0.0044232164977614915,0.004285787299677855,0.004376136666978567,4757.729197661506
1791271260,0.004376136666978567,0.0044338921917904325,0.004291566299326798,0.0043285656672466125,3928.87949477139
1791271320,0.0043285656672466125,0.004432553804447562,0.004273959567960314,0.004416564703161488,3849.1682991572616
1791271380,0.004416564703161488,0.004462016869384438,0.004226570344875478,0.004236736312108886,5139.674412221893
1791271440,0.004236736312108886,0.004322969233372321,0.004149141881308027,0.004315704201192474,4596.508157803884
1791271500,0.004315704201192474,0.004336509797910321,0.004273336384245176,0.004309705712537204,1505.0843668064417
1791271560,0.004309705712537204,0.004309705712537204,0.004186307776675264,0.004186307776675264,1596.4523977810086
1791271620,0.004186307776675264,0.0042843874662242196,0.004149370536851415,0.004243964375015162,2580.779148892937
1791271680,0.004243964375015162,0.00436873187197182,0.0042328027721802814,0.00436873187197182,3062.159494298822
1791271740,0.00436873187197182,0.00436873187197182,0.004290046078410777,0.0043556266182124895,2034.890000286099
1791271800,0.0043556266182124895,0.004391227492373337,0.004026723055922103,0.004093626912787583,11000.141598902977
1791271860,0.004093626912787583,0.004097291566591858,0.0039946644699428,0.00406683665835643,2260.497567918867
1791271920,0.00406683665835643,0.0041225749208607075,0.004023378344884127,0.0041183610012475395,4684.096921648223
1791271980,0.0041183610012475395,0.004144144551310222,0.004024320253821474,0.00404956186815849,4857.0037756493175
1791272040,0.00404956186815849,0.004342794250217346,0.00404956186815849,0.004247300872003623,6267.8361625453745
1791272100,0.004247300872003623,0.00427137341722159,0.004181818549862487,0.004230942772782691,2213.1031710826514
1791272160,0.004230942772782691,0.004302576803180102,0.004230942772782691,0.004302576803180102,1310.3146697460875
1791272220,0.004302576803180102,0.004309316614291788,0.004256225747438821,0.004256597813534393,1001.3312394878989
1791272280,0.004256597813534393,0.004269866109673569,0.004209920596749749,0.004209920596749749,763.0973463669067
1791272340,0.004209920596749749,0.004248648004423285,0.004165003166713922,0.004205351554036363,1065.7426865052914
1791272400,0.004205351554036363,0.00421704150490894,0.004149267818565768,0.004185668841956423,983.0408928736425
1791272460,0.004185668841956423,0.004242503433347136,0.004185668841956423,0.004242503433347136,2315.725024835181
1791272520,0.004242503433347136,0.0043051303323218505,0.0041909204184188645,0.004251931912513894,3328.746732707222
1791272580,0.004251931912513894,0.0045023727954134245,0.004154817103398196,0.004462239579325932,6566.386941953796
1791272640,0.004462239579325932,0.004512507812337982,0.004286140271822602,0.004286140271822602,10015.08389359684
1791272700,0.004286140271822602,0.004519021837555499,0.004210148006180628,0.004444024802937596,7533.4928511853905
1791272760,0.004444024802937596,0.004481302897680009,0.004405102158164368,0.0044584708973734255,2330.755362475968
1791272820,0.0044584708973734255,0.004619126741423613,0.004388132936883271,0.0045645632709035095,4786.207714093557
1791272880,0.0045645632709035095,0.004673680630478624,0.004484169333175687,0.004507919632892593,6093.068074165569
1791272940,0.004507919632892593,0.004543559651478464,0.004402170811204519,0.004455644110535783,4696.5104556869055
1791273000,0.004455644110535783,0.004496202832361296,0.004387944969244942,0.0044100086934356995,1876.7917390311786
1791273060,0.0044100086934356995,0.004514820833924349,0.004330904314397681,0.004496027371861318,4300.550219711758
1791273120,0.004496027371861318,0.004496314242557312,0.004309086362191268,0.004350195209062043,2686.3049455515666
1791273180,0.004350195209062043,0.0043926475299636124,0.004314700658538829,0.0043926475299636124,893.2400340285683
1791273240,0.0043926475299636124,0.004407195925471734,0.0043560509714253995,0.00438811749142124,817.4378678494589
1791273300,0.00438811749142124,0.004418352846402768,0.004334316515726445,0.004418352846402768,1440.3751004562462
1791273360,0.004418352846402768,0.004431786478054096,0.0043662037871178335,0.00443099000450875,1339.5291462601515
1791273420,0.00443099000450875,0.00443099000450875,0.004277862617748643,0.004350082520420138,2456.252981807278
1791273480,0.004350082520420138,0.004565623399770603,0.004309289756584657,0.004565623399770603,3731.5409940561485
1791273540,0.004565623399770603,0.004565623399770603,0.004368099553676799,0.004390891856605331,4127.791437860213
1791273600,0.004390891856605331,0.004434180383459249,0.004369238705504054,0.004369238705504054,539.5877713881669
1791273660,0.004369238705504054,0.004421292778328802,0.003976774344722341,0.004027489065572221,25424.05026343352
1791273720,0.004027489065572221,0.004056527034081898,0.0037651032853493905,0.003829532315562014,13711.503706039279
1791273780,0.003829532315562014,0.003937230818165605,0.0038141822978291543,0.0038340443126684454,8503.478042468347
1791273840,0.0038340443126684454,0.0038977404972710353,0.0038340443126684454,0.0038512830044264788,1663.7752864335703
1791273900,0.0038512830044264788,0.003952410399737833,0.0038512830044264788,0.003913365456752365,1792.965097401904
1791273960,0.003913365456752365,0.0041244818103293125,0.003909635648934623,0.00403896649425833,6434.7654217359395
1791274020,0.00403896649425833,0.004079875013185478,0.004009158496611432,0.0040182490666618624,1477.0749744539175
1791274080,0.0040182490666618624,0.004130323610113709,0.004014157670613441,0.00409883654515669,2517.7566625671097
1791274140,0.00409883654515669,0.004160837650286642,0.004085019335655919,0.0041140883730006956,1079.3847267351575
1791274200,0.0041140883730006956,0.004137519248838092,0.004073654764457544,0.004109274655883593,1474.6976847758651
1791274260,0.004109274655883593,0.004109630927867071,0.00399744184346954,0.004061479318309282,4318.804903703692
1791274320,0.004061479318309282,0.004116242149783991,0.004061479318309282,0.004076274149693091,625.1214849368284
1791274380,0.004076274149693091,0.004122388154250676,0.00402800995151319,0.004068380518281822,1416.5381645158557
1791274440,0.004068380518281822,0.004093974605331687,0.0039747252218628615,0.004008799439911263,1621.0127725273296
1791274500,0.004008799439911263,0.004016733483296821,0.003967413896180373,0.004016733483296821,264.2119938600823
1791274560,0.004016733483296821,0.0040189197084118024,0.0039691266600095365,0.0040189197084118024,773.88841926994
1791274620,0.0040189197084118024,0.004029976333709789,0.003968676638059939,0.0039853371764685865,1206.684471604258
1791274680,0.0039853371764685865,0.004071517092549181,0.003973962947384751,0.003973962947384751,3269.804449317202
1791274740,0.003973962947384751,0.003973962947384751,0.0037886244026903468,0.003869677649251613,4506.202716982024
1791274800,0.003869677649251613,0.003883550973890103,0.003869677649251613,0.003883550973890103,211.33688232871202
1791274860,0.003883550973890103,0.0038887509909253898,0.0038489565461673684,0.0038857595517866037,293.58405662714193
1791274920,0.0038857595517866037,0.0040358947765247715,0.0038857595517866037,0.004015701876333367,4996.460559705778
1791274980,0.004015701876333367,0.004032605104311108,0.003974653952834192,0.004018159271937493,1271.1869822495346
1791275040,0.004018159271937493,0.004018159271937493,0.003885118303620693,0.003906707764077543,4402.7572994769935
1791275100,0.003906707764077543,0.003916060136064189,0.003831139698519031,0.0038713849028441066,1120.3247257326466
1791275160,0.0038713849028441066,0.003885262502013705,0.0038478838607935717,0.0038498052508673416,162.41039518902585
1791275220,0.0038498052508673416,0.0038974719198034396,0.003846948102036628,0.0038915134503114683,473.3893303436902
1791275280,0.0038915134503114683,0.003893025416575914,0.0038436453890526214,0.0038436453890526214,437.8316210022709
1791275340,0.0038436453890526214,0.003871890440805825,0.0038436453890526214,0.003871890440805825,0.11867450290867931
1791275460,0.003871890440805825,0.0038750935211701765,0.003832171936255524,0.0038404933579190264,606.1751546156598
1791275520,0.0038404933579190264,0.0038838968209574977,0.0038404933579190264,0.0038838968209574977,346.8731735789082
1791275640,0.0038838968209574977,0.0038985410413656155,0.0038838968209574977,0.0038985410413656155,0.11867115656111374
1791275700,0.0038985410413656155,0.0039785706739588304,0.0038840314320472374,0.003924087795394906,1894.9381900428114
1791275760,0.003924087795394906,0.00402209602873162,0.003912417723002592,0.00402209602873162,1457.9934656879857
1791275820,0.00402209602873162,0.0040650039260786905,0.003975108870390578,0.004025936431338906,1504.1897871552455
1791275880,0.004025936431338906,0.004063025557367228,0.0040076649192516325,0.004037676854296552,827.2090808091398
1791275940,0.004037676854296552,0.004111525911137916,0.004025462171173033,0.004111525911137916,1120.913430057882
1791276000,0.004111525911137916,0.004143670707836162,0.003995921028319148,0.003995921028319148,2516.57509397486
1791276060,0.003995921028319148,0.004023351228883359,0.003976019878864022,0.00400903485809957,872.7647049742584
1791276120,0.00400903485809957,0.00401455040271445,0.003977135101331603,0.003978119238959565,120.76905101487833
1791276180,0.003978119238959565,0.004015177187529838,0.003970930983040907,0.003970930983040907,178.192522596191
1791276240,0.003970930983040907,0.003977682138824593,0.0039471270555320615,0.003977682138824593,545.829646210871
1791276300,0.003977682138824593,0.004010134032888133,0.003947174656885997,0.003957884422336898,1294.2493862422446
1791276360,0.003957884422336898,0.0039808177818678675,0.003941554104964211,0.003979657779497856,174.66900318729677
1791276420,0.003979657779497856,0.003979657779497856,0.003935812420381163,0.003970173694958132,286.9783749101742
1791276480,0.003970173694958132,0.003970173694958132,0.0038883921513010577,0.0038883921513010577,1274.337773573223
1791276540,0.0038883921513010577,0.00389198364433308,0.003852957703840833,0.00389198364433308,385.5158105821311
1791276600,0.00389198364433308,0.00389198364433308,0.003815454111055495,0.003815454111055495,1183.9147541610926
1791276660,0.003815454111055495,0.003815454111055495,0.0036490393664483874,0.0036914871914560214,2701.3296342428775
1791276720,0.0036914871914560214,0.0036993254824945693,0.0036471459783141346,0.003681202342820044,970.1236310193972
1791276780,0.003681202342820044,0.0037163290307901716,0.003650516973953688,0.0037032780127869997,1179.5848223861362
1791276840,0.0037032780127869997,0.003703946868276663,0.003697307743534006,0.003697307743534006,94.40390812938652
1791276900,0.003697307743534006,0.0037502795882005347,0.003697307743534006,0.0037502795882005347,534.0405480701482
1791276960,0.0037502795882005347,0.0037639152264727998,0.003722457709747311,0.0037552971627321844,438.8880889638386
1791277020,0.0037552971627321844,0.00377115098851454,0.0037384002111369363,0.0037384002111369363,237.43090114954848
1791277080,0.0037384002111369363,0.0038297606361993083,0.0037384002111369363,0.0038297606361993083,993.3625602747343
1791277140,0.0038297606361993083,0.0038801085138986747,0.00379404234454952,0.0038801085138986747,1047.4817855231468
1791277200,0.0038801085138986747,0.003933276779204061,0.0038539922014317993,0.003875464425572239,2986.3484567068535
1791277260,0.003875464425572239,0.00392277061464775,0.003875464425572239,0.00392277061464775,1185.0748229893577
1791277320,0.00392277061464775,0.003966120133971235,0.00392277061464775,0.0039233107835107165,864.1743221573084
1791277380,0.0039233107835107165,0.003983839789649521,0.003908864945138381,0.003974476925016449,909.5633166325089
1791277440,0.003974476925016449,0.00397850568661454,0.003909320531172543,0.0039409368222396565,379.6658300596904
1791277500,0.0039409368222396565,0.003963925925824221,0.003905541935194202,0.003921848443251518,531.3063483933227
1791277560,0.003921848443251518,0.004092559538835315,0.003921848443251518,0.004092491945319611,3285.7955808983306
1791277620,0.004092491945319611,0.004092491945319611,0.004021136982604012,0.00406458414317678,1704.8936579491833
1791277680,0.00406458414317678,0.00406458414317678,0.003974352084416632,0.0039996192456928465,1863.6417009171514
1791277740,0.0039996192456928465,0.004035495447812083,0.003971584307056553,0.0039740339998274405,453.8684765389328
1791277800,0.0039740339998274405,0.0044954404015920026,0.003968234656567273,0.004285355150444471,22776.1579562797
1791277860,0.004285355150444471,0.0043523152758727784,0.004246556851544696,0.0043523152758727784,2766.4410167601045
1791277920,0.0043523152758727784,0.004370367951065059,0.004250387141815419,0.0042996407998959615,3330.0234449243617
1791277980,0.0042996407998959615,0.004318873196034265,0.004221385538506308,0.00422768070879872,4502.329562007983
1791278040,0.00422768070879872,0.004229222459895737,0.004162818023962878,0.004195154290419302,1403.7445666132792
1791278100,0.004195154290419302,0.004208360304755813,0.004113681571276742,0.004163050555733722,1361.9638068484778
1791278160,0.004163050555733722,0.004209997203313608,0.004163050555733722,0.004209997203313608,761.9371737801483
1791278220,0.004209997203313608,0.004457303357911437,0.00412711530219566,0.004383791947350048,10084.278377603398
1791278280,0.004383791947350048,0.004443667220905933,0.004336261720053576,0.004356492626497383,2165.3919315409644
1791278340,0.004356492626497383,0.004403106449507593,0.004348714344747803,0.0043606323321540436,1156.088966901643
1791278400,0.0043606323321540436,0.004400026716178852,0.004288051903257745,0.004332008453415249,2248.605628668977
1791278460,0.004332008453415249,0.0043350020705414,0.0042726249236803545,0.004299725367890168,1319.4272424378476
1791278520,0.004299725367890168,0.0043255724426426,0.00424851977326715,0.00424851977326715,852.8794437633593
1791278580,0.00424851977326715,0.004294019851111645,0.004247958959794468,0.0042797059725813704,568.5080418890043
1791278640,0.0042797059725813704,0.004297902839758849,0.0042797059725813704,0.004297902839758849,255.78434068339314
1791278700,0.004297902839758849,0.004297902839758849,0.004215510478023022,0.004249839694541701,1145.9528541187497
1791278760,0.004249839694541701,0.004309569560991987,0.004249839694541701,0.004282602281641476,1735.8191283107747
1791278820,0.004282602281641476,0.004306803741039349,0.003926442737685017,0.0039296391309832845,7266.493200709522
1791278880,0.0039296391309832845,0.003939361230755626,0.003739258825858613,0.0038399152290512035,7487.025349598959
1791278940,0.0038399152290512035,0.003884474000324623,0.003837815049182184,0.003884474000324623,1484.1829664533645
1791279000,0.003884474000324623,0.004001667066076413,0.003884474000324623,0.003963961326652065,1897.6557486395473
1791279060,0.003963961326652065,0.0040170191275199114,0.003963961326652065,0.0039887484228378865,368.9975231884725
1791279120,0.0039887484228378865,0.0040336711209850405,0.003986035440498968,0.003993659554255173,344.82045120304485
1791279180,0.003993659554255173,0.004025909194121566,0.00396107686235473,0.00402110979967851,2619.640678163642
1791279240,0.00402110979967851,0.004114098148551627,0.004001852274302587,0.004042210702989407,4457.357032160865
1791279300,0.004042210702989407,0.004053623435804384,0.004000953774429182,0.004039799323553947,710.91626584145
1791279360,0.004039799323553947,0.004039799323553947,0.003912770852462022,0.0039518922034526855,3683.829237173193
1791279420,0.0039518922034526855,0.004030694262390123,0.0039518922034526855,0.004030667117150287,1182.556039223349
1791279480,0.004030667117150287,0.004032941363802932,0.0038716223268922324,0.0039073743572160015,6089.427403641941
1791279540,0.0039073743572160015,0.003911607151956676,0.0038697760889809833,0.003902749479583462,234.67960858842932
1791279600,0.003902749479583462,0.003953388182859766,0.0038613471588796336,0.003946062336368201,1665.0788049526784
1791279660,0.003946062336368201,0.003946062336368201,0.003925030119849461,0.003925030119849461,348.73965554460625
1791279720,0.003925030119849461,0.003959992223340825,0.003880372689644139,0.0038894947157212625,1207.977084962965
1791279780,0.0038894947157212625,0.003926727994823195,0.0038702287582664113,0.0039034745830052666,1499.8425517219384
1791279840,0.0039034745830052666,0.0039034745830052666,0.003716584161406971,0.003810355894491447,10562.2850040662
1791279900,0.003810355894491447,0.0038393283135510804,0.0037960161405209557,0.0038393283135510804,312.781106372739
1791279960,0.0038393283135510804,0.0038393283135510804,0.003718736894430767,0.003757200769349624,1926.151407627913
1791280020,0.003757200769349624,0.003757200769349624,0.0036923010555543834,0.0037362345649958116,753.0633474107686
1791280080,0.0037362345649958116,0.0037957758839723037,0.0037362345649958116,0.0037957758839723037,1233.9967913380322
1791280140,0.0037957758839723037,0.0038024215657269053,0.0037145595249708516,0.0037634426100308276,3154.4882644789163
1791280200,0.0037634426100308276,0.0037762515905543008,0.0037491288036693767,0.0037762515905543008,319.1245080620387
1791280260,0.0037762515905543008,0.0037927130916787727,0.0037632358027790804,0.0037632358027790804,200.57518771496368
1791280320,0.0037632358027790804,0.0038118851169569273,0.003762904496773999,0.003784448022951664,353.81787566288875
1791280380,0.003784448022951664,0.0038034294417587404,0.0037713537149417363,0.0038034294417587404,179.86087529759286
1791280440,0.0038034294417587404,0.0038086199981961413,0.003773752787935065,0.0037756558467407246,218.83292152550004
1791280500,0.0037756558467407246,0.0038258408034433553,0.003770723512173963,0.0038258408034433553,590.293374279248
1791280560,0.0038258408034433553,0.003847359675165383,0.0038258408034433553,0.003847359675165383,239.7488786978376
1791280620,0.003847359675165383,0.003847994956074068,0.003810431367808814,0.003810431367808814,195.1544763116192
1791280680,0.003810431367808814,0.003832280424067588,0.003789067094271526,0.0037941302943127215,482.9874165862124
1791280740,0.0037941302943127215,0.0037941302943127215,0.003782135380426611,0.003782135380426611,207.89550689393658
1791280800,0.003782135380426611,0.0038173538513473597,0.0037695083423973995,0.0037695083423973995,209.2744239909306
1791280860,0.0037695083423973995,0.0037700425406852547,0.0037348644615679163,0.003735064913775017,758.068106321501
1791280920,0.003735064913775017,0.003781712503559399,0.003732257557685401,0.003781712503559399,426.11376883766127
1791280980,0.003781712503559399,0.0037940472864773866,0.0037583328491472318,0.0037585838923023945,130.19394637622744
1791281040,0.0037585838923023945,0.003800048577236024,0.0037585838923023945,0.0037686439136329275,265.6529423534338
1791281100,0.0037686439136329275,0.0038040422203924583,0.003765030580152961,0.0038040422203924583,43.76151698667224
1791281160,0.0038040422203924583,0.00380864875130576,0.0038040422203924583,0.00380864875130576,131.31176693270442
1791281220,0.00380864875130576,0.00380864875130576,0.0037745135738867404,0.0037745135738867404,56.23514605875357
1791281280,0.0037745135738867404,0.0037745135738867404,0.003686951538464739,0.003686951538464739,2766.489758437971
1791281340,0.003686951538464739,0.003712993102608879,0.003676994936766772,0.003676994936766772,100.63248609346476
1791281460,0.003676994936766772,0.0037374383355774717,0.003676994936766772,0.0037372548849253103,166.6027194933963
1791281520,0.0037372548849253103,0.00376672784867451,0.003723746498674826,0.003723746498674826,164.390681186008
1791281580,0.003723746498674826,0.003723965650586723,0.0037219521388880804,0.0037219521388880804,68.76696193638512
1791281640,0.0037219521388880804,0.0037704275767442125,0.0037217626061648453,0.0037704275767442125,250.17507267410124
1791281700,0.0037704275767442125,0.0037704275767442125,0.0037272696337419136,0.0037680943634398594,319.8209564949671
1791281760,0.0037680943634398594,0.0037903190042523557,0.0037531688349171405,0.0037903190042523557,323.04680209923106
1791281820,0.0037903190042523557,0.0037903190042523557,0.003747962933984384,0.003748371624408256,300.0340680847998
1791281880,0.003748371624408256,0.0037811393832147063,0.003748371624408256,0.0037811393832147063,9.460277130243089
1791281940,0.0037811393832147063,0.0037846757708323753,0.003743874149431834,0.0037795725514944882,211.0740873017205
1791282000,0.0037795725514944882,0.0037795725514944882,0.0037401388222515234,0.0037401388222515234,50.96038356373201
1791282060,0.0037401388222515234,0.003787027564381893,0.0037401388222515234,0.003787027564381893,148.6957878611185
1791282120,0.003787027564381893,0.0037914857256804947,0.003754890050754001,0.003787841696879146,190.3287614382798
1791282180,0.003787841696879146,0.0037961909658029403,0.0037509764556586094,0.003766032069057507,428.70669035638736
1791282240,0.003766032069057507,0.003766032069057507,0.0037481864760177362,0.0037481864760177362,311.8149137154251
1791282300,0.0037481864760177362,0.00377961077480936,0.0036652487193980674,0.003687813580930803,2868.690959549215
1791282360,0.003687813580930803,0.0036907400207539954,0.0036509750462573693,0.003686642348133716,421.56790958997675
1791282420,0.003686642348133716,0.003686642348133716,0.0036285718711778206,0.00364113752470809,457.6928652066375
1791282480,0.00364113752470809,0.003674348044478863,0.003636734084732627,0.003674348044478863,254.63612532649404
1791282540,0.003674348044478863,0.00368775545817078,0.0036489859504358364,0.00368775545817078,178.24759434374013
1791282600,0.00368775545817078,0.003690670271277474,0.0036558663432468084,0.0036558663432468084,14.309611903817151
1791282660,0.0036558663432468084,0.003787551645281834,0.0036558663432468084,0.0037497519686065382,1901.3251113341837
1791282780,0.0037497519686065382,0.003782646093559942,0.003708436460837091,0.003708436460837091,836.4421435125358
1791282840,0.003708436460837091,0.003734684537059924,0.003708436460837091,0.003734684537059924,0.11939187795049287
1791282900,0.003734684537059924,0.0037355674313721164,0.0037326339689009638,0.0037355674313721164,11.849258149464257
1791282960,0.0037355674313721164,0.003737471165763012,0.0037355674313721164,0.003737471165763012,13.170882126301066
1791283020,0.003737471165763012,0.003742130199572577,0.0037304112002485455,0.003742130199572577,333.1830961967905
1791283140,0.003742130199572577,0.003752526094221605,0.00371262802446323,0.00371262802446323,203.76894790525935
1791283200,0.00371262802446323,0.00371262802446323,0.003707812160819176,0.003707812160819176,2.7246543389620963
1791283260,0.003707812160819176,0.0037458553145999036,0.0036988526289947385,0.0036988526289947385,405.031664203573
1791283320,0.0036988526289947385,0.0036988526289947385,0.0036909426356195193,0.0036942913510173846,25.801491232677947
1791283380,0.0036942913510173846,0.0037334371171850993,0.0036909633611960013,0.0036909633611960013,304.9921858701737
1791283440,0.0036909633611960013,0.0036909633611960013,0.003676752269251,0.003676752269251,270.92612728377117
1791283560,0.003676752269251,0.0036905812746668427,0.0036526989214307162,0.0036526989214307162,467.06990203632824
1791283620,0.0036526989214307162,0.0036870575684517545,0.0036459694990198257,0.0036459694990198257,309.2616970128164
1791283740,0.0036459694990198257,0.0036459694990198257,0.0036390218151855494,0.0036390218151855494,8.506207372161528
1791283800,0.0036390218151855494,0.0036742263854242572,0.0036390218151855494,0.0036742263854242572,0.11855666326916052
1791283860,0.0036742263854242572,0.0036742263854242572,0.003636621570808959,0.003636621570808959,30.62991378428421
1791283980,0.003636621570808959,0.003636621570808959,0.00362142924847672,0.00362142924847672,255.42041116600976
1791284040,0.00362142924847672,0.0036518908578701582,0.0036150973542490475,0.0036150973542490475,8.523406440533972
1791284100,0.0036150973542490475,0.003651678051105696,0.0036130255608641994,0.0036464535626825815,121.11377715254963
1791284160,0.0036464535626825815,0.0036464535626825815,0.0035960930792295538,0.0036379977813783652,770.7187778018173
1791284220,0.0036379977813783652,0.0036554760231171336,0.00361544583633032,0.00361544583633032,319.27670344072266
1791284280,0.00361544583633032,0.00361544583633032,0.0035324424063044257,0.003548765518777823,1775.9916045846069
1791284340,0.003548765518777823,0.003548765518777823,0.0034984641168866164,0.0035271913046202525,541.5586420426365
1791284400,0.0035271913046202525,0.003540391072317057,0.0035049086532011674,0.0035049086532011674,506.1782893753873
1791284460,0.0035049086532011674,0.0035049086532011674,0.0034608911652039527,0.00347587839869814,1759.1219048431303
1791284520,0.00347587839869814,0.003476161385829319,0.0034299648786377448,0.0034412469613555293,728.8648426164962
1791284580,0.0034412469613555293,0.003482990643379436,0.0034412469613555293,0.0034422155878633077,523.6302990480895
1791284640,0.0034422155878633077,0.0035023436901265143,0.0034408422959622087,0.00349229981861919,985.2051005420501
1791284700,0.00349229981861919,0.0034986531464262414,0.003463843943999339,0.003463843943999339,525.0381456288732
1791284760,0.003463843943999339,0.0034888005729343465,0.003452086809882699,0.0034888005729343465,965.068216852568
1791284820,0.0034888005729343465,0.003501931746994505,0.0034888005729343465,0.003501931746994505,91.98708441501859
1791284880,0.003501931746994505,0.003501931746994505,0.0034647613835270107,0.0034647613835270107,34.650350996763095
1791284940,0.0034647613835270107,0.0035368875661006744,0.00346259482572329,0.0035368875661006744,775.4008265006913
1791285000,0.0035368875661006744,0.0035368875661006744,0.003502147393414035,0.003502147393414035,14.803542717920964
1791285060,0.003502147393414035,0.003538305272002854,0.0035013908104326247,0.003538305272002854,62.96968002487331
1791285120,0.003538305272002854,0.003555370765036364,0.003538305272002854,0.003555370765036364,307.2891283822377
1791285180,0.003555370765036364,0.0037761881900751624,0.003555370765036364,0.0037259685447603775,4194.408348676979
1791285240,0.0037259685447603775,0.0037332805814358984,0.0036977762876827035,0.0036979707370694364,461.53800382919667
1791285300,0.0036979707370694364,0.0037665566932131105,0.0036951535128227613,0.0037539495453727686,1394.1189389783024
1791285360,0.0037539495453727686,0.0037680167131802548,0.0037238647618424974,0.0037238647618424974,630.9557996075769
1791285420,0.0037238647618424974,0.003771503083258363,0.003719797156074386,0.003771503083258363,440.1512785264797
1791285480,0.003771503083258363,0.003771503083258363,0.003731060351320332,0.0037593908171155875,367.72035939126977
1791285540,0.0037593908171155875,0.0037593908171155875,0.003715935130445694,0.00374938935539427,394.6218143699963
1791285600,0.00374938935539427,0.0037529312234234925,0.0037024474098994874,0.0037529312234234925,891.6382351274012
1791285660,0.0037529312234234925,0.0037529312234234925,0.0036871177908757587,0.0036871177908757587,623.5432587337909
1791285720,0.0036871177908757587,0.0037156072873690414,0.0036871177908757587,0.0037156072873690414,1.1534138214829315
1791285780,0.0037156072873690414,0.0037220372362549,0.003689588782494408,0.003689588782494408,184.6051826181282
1791285840,0.003689588782494408,0.003734476589306584,0.003689588782494408,0.003734476589306584,737.6557171439197
1791285900,0.003734476589306584,0.0037496910283889903,0.003709054390371161,0.0037496910283889903,415.65972692180037
1791285960,0.0037496910283889903,0.003780179818792329,0.0037496910283889903,0.0037603909804551075,1041.2177215370514
1791286020,0.0037603909804551075,0.003793070172038413,0.0037603909804551075,0.003793070172038413,3.322711012182544
1791286080,0.003793070172038413,0.003793070172038413,0.0037525340111625163,0.0037525340111625163,2.739467601428577
1791286140,0.0037525340111625163,0.0037613433903142188,0.00372291660135686,0.0037603082568291417,958.5391002192918
1791286200,0.0037603082568291417,0.0037603082568291417,0.0035652723161733735,0.0035652723161733735,2850.768130207048
1791286260,0.0035652723161733735,0.0035652723161733735,0.003558643709185134,0.003558643709185134,2.273835414932351
1791286320,0.003558643709185134,0.0036442747071753576,0.003558643709185134,0.0036442747071753576,1720.9085532325882
1791286380,0.0036442747071753576,0.0036442747071753576,0.0035741935377393186,0.0035741935377393186,573.7152899481047
1791286440,0.0035741935377393186,0.0036081801319306273,0.0035380814234165945,0.0035380814234165945,1869.3324210063809
1791286500,0.0035380814234165945,0.003571884952427388,0.0035380814234165945,0.003571884952427388,212.65089804870692
1791286560,0.003571884952427388,0.003591968644341798,0.003546241102442962,0.003546241102442962,751.2218677493005
1791286620,0.003546241102442962,0.003572270885070933,0.003534786777321153,0.003534786777321153,288.30762936099256
1791286680,0.003534786777321153,0.003576152587278509,0.003534786777321153,0.0035404561758453777,470.74764670718105
1791286740,0.0035404561758453777,0.0035404561758453777,0.003461768780965839,0.003461768780965839,1274.9018656766204
1791286800,0.003461768780965839,0.003498741968317315,0.0034612202708368335,0.0034616062009760074,77.00348456346286
1791286860,0.0034616062009760074,0.0035313688469664293,0.0034616062009760074,0.003484663288152269,1154.5222740674396
1791286920,0.003484663288152269,0.003484663288152269,0.0033153743032789834,0.0033153743032789834,4689.140204323649
1791286980,0.0033153743032789834,0.003346926256765218,0.00325146831706965,0.00329850211871874,5452.993930600676
1791287040,0.00329850211871874,0.0033072112792456943,0.0032482217004656173,0.003294762487089309,2282.881976072981
1791287100,0.003294762487089309,0.0033037303734501627,0.003198020926851958,0.003198020926851958,1835.3455072258362
1791287160,0.003198020926851958,0.0032720882209392134,0.003189172924464246,0.00323770208747728,3707.6669487084714
1791287220,0.00323770208747728,0.003258970188009397,0.00320975708845378,0.0032577598980854452,528.9331236313781
1791287280,0.0032577598980854452,0.0032945211968449105,0.003230107471490621,0.003230107471490621,1663.371691059093
1791287340,0.003230107471490621,0.00325642530960746,0.0032124696016103097,0.00325642530960746,375.92093832577643
1791287400,0.00325642530960746,0.003312978355602477,0.0032343670799220505,0.0032769183143580537,1298.985673773642
1791287460,0.0032769183143580537,0.0032941878922498054,0.003260523332753019,0.003260523332753019,824.02999201345
1791287520,0.003260523332753019,0.003296032988166934,0.003256299365568416,0.003258520433054048,719.026609978208
1791287580,0.003258520433054048,0.003262622444147373,0.0032185450663563043,0.0032185450663563043,1177.447592063117
1791287640,0.0032185450663563043,0.0032629685818266196,0.0032119618652567284,0.0032483446619969132,923.9809490846427
1791287700,0.0032483446619969132,0.0032670593444081085,0.003201374639202207,0.0032414437180297395,1700.697605882552
1791287760,0.0032414437180297395,0.003317565741804583,0.0032414437180297395,0.003317565741804583,1888.6711027126275
1791287820,0.003317565741804583,0.003332811426117352,0.0032878382284156947,0.003288123319106838,595.4262550163684
1791287880,0.003288123319106838,0.003314771047237177,0.003275445973197153,0.0033107897850764086,856.5939921349595
1791287940,0.0033107897850764086,0.003315483918672587,0.0032758503944266405,0.0032758503944266405,410.50626203669714
1791288000,0.0032758503944266405,0.003351852492437759,0.0032758503944266405,0.003351852492437759,935.3835312109579
1791288060,0.003351852492437759,0.0033588063727699514,0.0033248756207191173,0.0033588063727699514,189.09254007931744
1791288120,0.0033588063727699514,0.0033943968151542484,0.0033304243871513854,0.0033655883341301785,746.9128761545585
1791288180,0.0033655883341301785,0.003412142828371703,0.0033655883341301785,0.003378320954043616,503.3373358997143
1791288240,0.003378320954043616,0.003418612924119917,0.003378320954043616,0.003418612924119917,171.64362011728085
1791288300,0.003418612924119917,0.0034198320671362196,0.00337895612905946,0.00337895612905946,165.8951431789117
1791288360,0.00337895612905946,0.0034475283274055433,0.003358520897475956,0.0034475283274055433,1869.6012314730372
1791288420,0.0034475283274055433,0.003523502751819032,0.0034475283274055433,0.003523502751819032,1257.1306611522123
1791288480,0.003523502751819032,0.00379433402065253,0.003485728813394929,0.003724550880223349,8101.386680526514
1791288540,0.003724550880223349,0.003772589391527509,0.003712916665052422,0.003772589391527509,664.3878189986508
1791288600,0.003772589391527509,0.0038399344377067933,0.0037347803204086133,0.0038010003237609995,1475.9655334132808
1791288660,0.0038010003237609995,0.0038419951552890914,0.003782319586575595,0.003818551063436618,1337.069475165294
1791288720,0.003818551063436618,0.0039429861967934165,0.0037381099931028594,0.003771434326655085,5007.931368720255
1791288780,0.003771434326655085,0.003771434326655085,0.003365001027849505,0.0034741101719647422,12468.23442378596
1791288840,0.0034741101719647422,0.0035220960175578013,0.0034329347988478758,0.0035220960175578013,2552.4085339043368
1791288900,0.0034903140013302675,0.003575764548973881,0.0034903140013302675,0.003553872348365583,1318.3144336247447
1791288960,0.003553872348365583,0.003553872348365583,0.0035451586051701966,0.0035451586051701966,62.102518457355984
1791289020,0.0035451586051701966,0.003577869527966125,0.0035341771770313886,0.00357284704330196,441.16722663132
1791289080,0.00357284704330196,0.003577576972974569,0.0035170523495986184,0.0035170523495986184,817.6817348877127
1791289140,0.0035170523495986184,0.0035472115861769874,0.0035170523495986184,0.003541983724840042,274.99757577835203
1791289260,0.003541983724840042,0.003541983724840042,0.003505295458632697,0.003505295458632697,238.64967490593216
1791289320,0.003505295458632697,0.003505295458632697,0.0034275863211113635,0.0034275863211113635,1739.1902428504557
1791289380,0.0034275863211113635,0.003442146872996951,0.0033971456093048946,0.003442146872996951,418.0494002518043
1791289440,0.003442146872996951,0.003443813074515921,0.003402815219873904,0.003402815219873904,491.53017177279503
1791289500,0.003402815219873904,0.0034276217392481927,0.003390345408204365,0.0034276217392481927,245.8207041315746
1791289560,0.0034276217392481927,0.00344280924529712,0.003396994598527124,0.00344280924529712,97.41223541409013
1791289620,0.00344280924529712,0.00344280924529712,0.003407310379001687,0.003407310379001687,0.4614543411553939
1791289680,0.003407310379001687,0.0036024512612717863,0.003407310379001687,0.003578002929820867,3322.0204923730143
1791289740,0.003578002929820867,0.0036104317155653326,0.0035590144813532182,0.0035809531630063194,790.4010827350986
1791289800,0.0035809531630063194,0.0035945350627814778,0.0035427264634160195,0.0035427264634160195,1936.8306273017915
1791289860,0.0035427264634160195,0.0035427264634160195,0.003519798301383994,0.003519798301383994,603.7179030479118
1791289920,0.003519798301383994,0.0035365946512662372,0.003491373093389488,0.003515135295130646,582.4846766976688
1791289980,0.003515135295130646,0.0035357435872936803,0.0034978726652668815,0.0035310985229351096,581.1618796569829
1791290040,0.0035310985229351096,0.0035348582851304315,0.0034839443143090242,0.003503753621485687,845.3280344261553
1791290100,0.003503753621485687,0.003514378744725021,0.003503753621485687,0.003514378744725021,241.39966006886937
1791290160,0.003514378744725021,0.003548013284278574,0.0034839157497591677,0.003548013284278574,1940.8997333008842
1791290220,0.003548013284278574,0.0035681083732530985,0.003548013284278574,0.0035681083732530985,394.5188042874755
1791290280,0.0035681083732530985,0.003568814863998731,0.0035337436705985105,0.0035337436705985105,45.686512346579484
1791290340,0.0035337436705985105,0.0035337436705985105,0.003498749863430834,0.003498749863430834,675.2046309593528
1791290400,0.003498749863430834,0.003498749863430834,0.003495615523412014,0.003495615523412014,188.88627840060911
1791290460,0.003495615523412014,0.0035108193476279157,0.0034825801963096724,0.0035108193476279157,289.04378084430243
1791290520,0.0035108193476279157,0.0035186563795107143,0.0034747802798222867,0.0035186249649222937,384.6594889513322
1791290580,0.0035186249649222937,0.0035478444017393307,0.003517145786499099,0.0035325380168129807,1151.1234475810747
1791290640,0.0035325380168129807,0.0035325380168129807,0.0034562750491356447,0.0034562750491356447,1347.984443874555
1791290700,0.0034562750491356447,0.0034562750491356447,0.0033740175917159583,0.0033740175917159583,1739.3533798372189
1791290760,0.0033740175917159583,0.0034145144921685277,0.003249140305686093,0.003334899948299553,5272.839746699681
1791290820,0.003334899948299553,0.0033479628122006348,0.0032830193289648405,0.0032833835799005715,1887.334603228415
1791290880,0.0032833835799005715,0.003336953046809115,0.0032472690664696094,0.0033037486899046907,3477.7942471820534
1791290940,0.0033037486899046907,0.003335324453447969,0.0032929174147473656,0.003335324453447969,1009.9472785462476
1791291000,0.003335324453447969,0.0034109552063766556,0.003335324453447969,0.0033814282913250796,997.6635727673364
1791291060,0.0033814282913250796,0.0033814282913250796,0.003357250015115255,0.003357250015115255,449.6968329643847
1791291120,0.003357250015115255,0.0034043804193806685,0.0033519708213929997,0.0033519708213929997,739.7127652403032
1791291180,0.0033519708213929997,0.0033827147358619107,0.0033362013525957564,0.0033754111782653166,528.4055244950993
1791291240,0.0033754111782653166,0.0034203046166312594,0.003344044360797328,0.0034203046166312594,921.7800849808835
1791291300,0.0034203046166312594,0.0034393794558979164,0.0034203046166312594,0.0034393794558979164,330.7888439881673
1791291360,0.0034393794558979164,0.0034429642971431076,0.0034393794558979164,0.0034429642971431076,120.19422158841316
1791291420,0.0034429642971431076,0.0034429642971431076,0.003410101001918379,0.0034421779222673413,90.48829040930538
1791291480,0.0034421779222673413,0.0034454715101294342,0.0033962496669772617,0.003416395975056458,667.9335140450662
1791291600,0.003416395975056458,0.0034395734577503875,0.003395914317224886,0.0034395734577503875,535.8913361351987
1791291660,0.0034395734577503875,0.0034900331725492306,0.00342366411531772,0.00342366411531772,2000.5576215282224
1791291720,0.00342366411531772,0.0034662291203488467,0.0033813244578673875,0.003409821605605589,1878.613961391994
1791291780,0.003409821605605589,0.003429719598586629,0.0033845441493096273,0.003397465838440523,1240.9876791940533
1791291840,0.003397465838440523,0.003397465838440523,0.0033697145332647546,0.0033697145332647546,296.8017782107205
1791291900,0.0033697145332647546,0.0034103332501176564,0.0033697145332647546,0.0033769584985580397,346.80941238823425
1791291960,0.0033769584985580397,0.003412339365228588,0.0033691840156106277,0.00337024398414711,488.39050927850184
1791292020,0.00337024398414711,0.003403784907975049,0.0033579348251420406,0.0033602040391035653,498.5605923007354
1791292080,0.0033602040391035653,0.0033602040391035653,0.0032819343467891476,0.0032819343467891476,1592.6513530998002
1791292140,0.0032819343467891476,0.003473304187498614,0.0032806698044169002,0.003473304187498614,3830.072189955238
1791292200,0.003473304187498614,0.003473304187498614,0.003162086420216885,0.00322281838627026,8113.047354512247
1791292260,0.00322281838627026,0.003383115652987886,0.0031445463414369714,0.003383115652987886,6690.70190422001
1791292320,0.003383115652987886,0.0033886508744287967,0.0033503567296203148,0.0033579739400794763,132.25841400007988
1791292380,0.0033579739400794763,0.003387270481875654,0.003339084812430454,0.003339084812430454,616.3706928226119
1791292440,0.003339084812430454,0.0033743617904498876,0.0033159647553971275,0.003340800441106519,691.9490966730344
1791292500,0.003340800441106519,0.0033443400372191114,0.003313966653293189,0.003313966653293189,98.77546511384139
1791292560,0.003313966653293189,0.003348529842849466,0.0032498646108906387,0.003286376799617921,4311.888652726506
1791292620,0.003286376799617921,0.0033485965565137887,0.003275631197843471,0.0033485965565137887,1479.7110320874544
1791292680,0.0033485965565137887,0.0033532592660620946,0.0033126675975265066,0.0033532592660620946,668.4291961494444
1791292740,0.0033532592660620946,0.003371683067536497,0.003320106010494746,0.003349661077799282,706.194268412086
1791292800,0.003349661077799282,0.00335025801843871,0.003349661077799282,0.00335025801843871,0.37263202596833517
1791292860,0.00335025801843871,0.0034875708882273074,0.00335025801843871,0.0034299881930497066,2987.842132566506
1791292920,0.0034299881930497066,0.003469781401110861,0.0034291748232532144,0.003469781401110861,299.2863580096907
1791292980,0.003469781401110861,0.0034796579364272987,0.003447666904190122,0.0034796579364272987,535.8281725136682
1791293040,0.0034796579364272987,0.0034796579364272987,0.0034776662595204437,0.0034792791166707673,57.12287430420457
1791293100,0.0034792791166707673,0.003484053584441297,0.0034434398833939252,0.003477028126283546,168.63735785672242
1791293160,0.003477028126283546,0.003481738907340591,0.0034764050758028142,0.003481738907340591,78.16316499570353
1791293220,0.003481738907340591,0.003515877937398307,0.003481738907340591,0.0035024200045697244,1652.9984824760384
1791293280,0.0035024200045697244,0.0035346917872148666,0.0034944419089793506,0.0035346917872148666,120.70956378546335
1791293340,0.0035346917872148666,0.0035346917872148666,0.003478515119974804,0.003478515119974804,604.7935620685256
1791293460,0.003478515119974804,0.0035297475877156237,0.003478515119974804,0.0035297475877156237,530.7027821669583
1791293520,0.0035297475877156237,0.0035372139273041952,0.00349643682144301,0.00349643682144301,82.52776388570628
1791293580,0.00349643682144301,0.0040852071661784195,0.00349643682144301,0.003923301121219741,23538.588149679676
1791293640,0.003923301121219741,0.004126222800732979,0.003923301121219741,0.00410779319502133,6552.377500688554
1791293700,0.00410779319502133,0.004195686370041219,0.0040865244491973835,0.0041716096798924225,4043.893115175847
1791293760,0.0041716096798924225,0.0042738640284436516,0.004101290182477801,0.004138488332237746,7383.345580719727
1791293820,0.004138488332237746,0.004187752392652023,0.004073968746178427,0.004073968746178427,5560.233951630344
1791293880,0.004073968746178427,0.004103025829522023,0.003721774786005703,0.003939405535381221,11859.638480939264
1791293940,0.003939405535381221,0.003952077261083409,0.003909382389053328,0.003948580557792037,477.40965944361255
1791294000,0.003948580557792037,0.004448974049151471,0.003910432363798477,0.004207089116911897,19333.04354526201
1791294060,0.004207089116911897,0.004334995753372916,0.004099258476606576,0.0041996843210262876,11348.823505482012
1791294120,0.0041996843210262876,0.004297108095369882,0.004170759372570687,0.004295173828492856,3435.0756425117856
1791294180,0.004295173828492856,0.004338111160398817,0.004112036789196548,0.004112036789196548,11485.502491593026
1791294240,0.004112036789196548,0.004244781433206151,0.004112036789196548,0.004188807370697605,6615.876126660623
1791294300,0.004188807370697605,0.004322171562617563,0.004185627797097306,0.004281603441555049,5559.268378780964
1791294360,0.004281603441555049,0.004281603441555049,0.004134501381319997,0.004163692156263704,4512.904024236651
1791294420,0.004163692156263704,0.004163692156263704,0.004047165664259761,0.004132155882995073,5123.507327066535
1791294480,0.004132155882995073,0.004153794005968108,0.0040880688451221244,0.0040880688451221244,522.517720217095
1791294540,0.0040880688451221244,0.004934762339881647,0.004064522277926758,0.0044224634021244255,35299.861912157954
1791294600,0.0044224634021244255,0.004455237031695494,0.003966627331088493,0.0043067966032194005,19750.008969356146
1791294660,0.0043067966032194005,0.004425247057009743,0.004242853719901676,0.004302387594297326,6830.765325396594
1791294720,0.004302387594297326,0.004634517935684553,0.00427461363096945,0.004393393886585421,12264.401303056069
1791294780,0.004393393886585421,0.004648856305163056,0.004352482042526354,0.004437772455351089,12386.131362802764
1791294840,0.004437772455351089,0.004538055701433507,0.003961882722829722,0.004212775814127036,22346.578169893237
1791294900,0.004212775814127036,0.004226260495470649,0.004155562980189744,0.004171845956014631,2535.199445628078
1791294960,0.004171845956014631,0.0043102040343670715,0.004163093452716226,0.004248258806508619,9981.303863819372
1791295020,0.004248258806508619,0.004309669820093929,0.004178543412611743,0.004223727010222728,4470.077412720403
1791295080,0.004223727010222728,0.004233402791531024,0.004177979608524342,0.004191905262308685,1366.6121975640822
1791295140,0.004191905262308685,0.004302144742463897,0.004129256129067876,0.004134106540011904,5886.539004340838
1791295200,0.004134106540011904,0.004358618000940815,0.004126800771977102,0.004345690851580392,6089.666967133212
1791295260,0.004345690851580392,0.004366630693195585,0.004220666832056478,0.004220666832056478,3872.9920610736235
1791295320,0.004220666832056478,0.004285624025669977,0.004214569616177877,0.004275713501890958,1776.2790758762033
1791295380,0.004275713501890958,0.00431573468066306,0.004233945531017601,0.004233945531017601,2965.4673578340885
1791295440,0.004233945531017601,0.00427279075081913,0.004193974684443401,0.004233532551005728,1659.7333436723536
1791295500,0.004233532551005728,0.004278118005670477,0.004178925206815274,0.004273477166866368,2011.4268733869394
1791295560,0.004273477166866368,0.004292532341475191,0.004156525446981113,0.004212510593106728,3714.935948822296
1791295620,0.004212510593106728,0.004214442098404871,0.004105534947445743,0.0041452367447598875,1412.7708237386344
1791295680,0.0041452367447598875,0.0041452367447598875,0.00410161825199721,0.004136074111081358,367.4491300876813
1791295740,0.004136074111081358,0.004139560478031747,0.004085504156001485,0.0041251432203222105,442.3607184209625
1791295800,0.0041251432203222105,0.0041251432203222105,0.004044427554364559,0.004044427554364559,926.7776625435328
1791295860,0.004044427554364559,0.004061180475954971,0.0040180155202040055,0.0040238596517450575,800.736218365284
1791295920,0.0040238596517450575,0.004061878582171942,0.003989278577073577,0.004001392834935519,1846.78135795856
1791295980,0.004001392834935519,0.004051914384652392,0.003975075382655229,0.004016260908438277,2387.5006817913672
1791296040,0.004016260908438277,0.004030553972465905,0.003969031103835935,0.003969031103835935,535.5324753971934
1791296100,0.003969031103835935,0.003974907867397472,0.003930096611211922,0.003974392905769816,876.666018660633
1791296160,0.003974392905769816,0.003994658503173249,0.00391870261364615,0.003958207539373251,2801.185379884051
1791296220,0.003958207539373251,0.003958207539373251,0.003915336759945609,0.003915336759945609,85.35581838383361
1791296280,0.003915336759945609,0.003953114124553306,0.003915336759945609,0.003952628722333501,35.17944962262054
1791296340,0.003952628722333501,0.003952628722333501,0.003883439164784012,0.003883439164784012,1393.0841873627498
1791296400,0.003883439164784012,0.003897296263593953,0.0038087156548348034,0.0038087156548348034,1794.746513730576
1791296460,0.0038087156548348034,0.0038455166192264134,0.0037780874553902527,0.003809236671836914,1498.0846795539574
1791296520,0.003809236671836914,0.0038446737879320792,0.0037376611118503864,0.0037641524303156514,1497.2199144615777
1791296580,0.0037641524303156514,0.0037703724843332264,0.0037641524303156514,0.0037703724843332264,102.23932204701971
1791296640,0.0037703724843332264,0.0038244967154886116,0.003711386404561691,0.003711386404561691,4361.353512758068
1791296700,0.003711386404561691,0.003711386404561691,0.0035610592312378987,0.003627141767501295,4010.7479100626974
1791296760,0.003627141767501295,0.0037035059290564517,0.003627141767501295,0.0037035059290564517,687.9603927676554
1791296820,0.0037035059290564517,0.0037293298234026824,0.0036927775314362895,0.0037293298234026824,322.53286304680097
1791296880,0.0037293298234026824,0.0037477162501990636,0.0037293298234026824,0.0037477162501990636,329.39862216241704
1791296940,0.0037477162501990636,0.003750057414380392,0.0037477162501990636,0.003750057414380392,34.75291966148009
1791297000,0.003750057414380392,0.003750057414380392,0.00369962032949458,0.00369962032949458,295.49268813613116
1791297060,0.00369962032949458,0.00369962032949458,0.003683398240550841,0.003683398240550841,234.01124489940082
1791297120,0.003683398240550841,0.003683398240550841,0.003638530145055039,0.003638530145055039,701.1106560095413
1791297180,0.003638530145055039,0.0036839731810085915,0.003638506925278804,0.0036525891102027162,792.3374932517094
1791297240,0.0036525891102027162,0.0037548237835244988,0.003639426237785513,0.0036604806330414854,3470.897457799843
1791297300,0.0036604806330414854,0.0036604806330414854,0.0035582845038223294,0.0035743894932128255,1667.0914750328027
1791297360,0.0035743894932128255,0.0036036764963273448,0.003565605123484674,0.003597511510130507,673.5880735863545
1791297420,0.003597511510130507,0.0036226178493351277,0.003570775527815234,0.0035844891802828648,1497.515999880726
1791297480,0.0035844891802828648,0.0037148596271493984,0.0035820275214620565,0.0036972431363486865,1691.2235447201172
1791297540,0.0036972431363486865,0.0037168616116699596,0.0036786363202991838,0.003713899867481215,33.75560635901893
1791297600,0.003713899867481215,0.003714896298967854,0.0036772361106586597,0.003714896298967854,254.29281140781734
1791297660,0.003714896298967854,0.003714896298967854,0.003683196142334464,0.0036888967247356652,17.54912577995872
1791297720,0.0036888967247356652,0.0037531613028473666,0.0036888967247356652,0.0037531613028473666,251.70469616546026
1791297780,0.0037531613028473666,0.003756557753133896,0.003750859030941232,0.003756557753133896,135.90267424834016
1791297840,0.003756557753133896,0.003763242566953537,0.003663079148228559,0.0037214145397000053,4547.502216480742
1791297900,0.0037214145397000053,0.0037603877018690824,0.0037178862645333294,0.0037603877018690824,139.74064957853307
1791297960,0.0037603877018690824,0.0037818889938650356,0.0037547272305165965,0.0037807543879099315,436.72963131957084
1791298020,0.0037807543879099315,0.003868399866160341,0.0037501807186112145,0.003868399866160341,1789.3810148953621
1791298080,0.003868399866160341,0.00410123772676624,0.003868399866160341,0.00406833196463106,7496.795060378611
1791298140,0.00406833196463106,0.004147315844055218,0.004045415143355348,0.0041409068591915016,1514.7939399813645
1791298200,0.0041409068591915016,0.004173375993703167,0.004101490323480593,0.004122670272703707,1840.0052821499594
1791298260,0.004122670272703707,0.004198382312838383,0.004122670272703707,0.004165391791621061,1354.8794266568023
1791298320,0.004165391791621061,0.004208842122637063,0.004046743980862759,0.004046743980862759,2513.5115359238926
1791298380,0.004046743980862759,0.004158493219812223,0.004040364177444172,0.004101491177523771,2342.262487230047
1791298440,0.004101491177523771,0.004108445614919922,0.0040701025822189865,0.0040701025822189865,707.9800883882688
1791298500,0.0040701025822189865,0.004101405013795692,0.004060128097811686,0.004060128097811686,666.0173085726302
1791298560,0.004060128097811686,0.0041097624997232275,0.004041779442828282,0.00404270916696786,1665.0327370254993
1791298620,0.00404270916696786,0.00408340252932335,0.004039415714472596,0.004039415714472596,172.23078414061027
1791298680,0.004039415714472596,0.004082490508143786,0.004009802619333426,0.004009802619333426,846.2481239767848
1791298740,0.004009802619333426,0.004108853195477383,0.004009802619333426,0.004097856817196547,3186.7670490574856
1791298800,0.004097856817196547,0.004099560968256281,0.0040468976709519796,0.004099560968256281,599.527021243108
1791298860,0.004099560968256281,0.004107565637099565,0.004049927375971228,0.004049927375971228,775.1643335812413
1791298920,0.004049927375971228,0.004090816911769619,0.004027677006749847,0.004090816911769619,55.0335962683031
1791298980,0.004090816911769619,0.004092622382063442,0.0040455003679599815,0.0040455003679599815,897.6189828869898
1791299040,0.0040455003679599815,0.004111224769044156,0.0040297381438935895,0.004056589326195238,2199.632643372697
1791299100,0.004056589326195238,0.004056589326195238,0.003988668519659537,0.003988668519659537,608.07193768477
1791299160,0.003988668519659537,0.004021973560173326,0.003977612620319589,0.004021425984106442,103.74647330345945
1791299220,0.004021425984106442,0.004021425984106442,0.003973050646956512,0.003973050646956512,513.2339788015582
1791299280,0.003973050646956512,0.00400342672928141,0.003959307367509103,0.00399388850498356,182.75585671060958
1791299340,0.00399388850498356,0.00399388850498356,0.0039018943885499847,0.0039018943885499847,964.0780948603151
1791299400,0.0039018943885499847,0.003943619773829316,0.0039018943885499847,0.003943619773829316,15.109649313266573
1791299460,0.003943619773829316,0.003943619773829316,0.0039061781221494687,0.0039061781221494687,5.640108594882611
1791299520,0.0039061781221494687,0.003942867963825199,0.0039061781221494687,0.003907239215348883,67.85835018460818
1791299580,0.003907239215348883,0.00397731311193331,0.003907230385768086,0.00397731311193331,606.4719808505455
1791299700,0.00397731311193331,0.004229960685083752,0.00397731311193331,0.004162730626699042,13443.940274107106
1791299760,0.004162730626699042,0.004201531447924271,0.004091085317765617,0.004154713217863452,2662.47635553698
1791299820,0.004154713217863452,0.004210118325276797,0.004154713217863452,0.004198595446391317,574.8830593100714
1791299880,0.004198595446391317,0.004198595446391317,0.004131319899144495,0.004134284327925012,743.8356667770471
1791299940,0.004134284327925012,0.004134284327925012,0.0040322106631111255,0.004035143767068958,1765.0210513814086
1791300000,0.004035143767068958,0.004076366779161988,0.004034045917397485,0.004076366779161988,124.19173689008018
1791300060,0.004076366779161988,0.00408840247145972,0.0040362671871347,0.00408840247145972,341.02565010177244
1791300120,0.00408840247145972,0.00408840247145972,0.004007237038096032,0.004045828354521892,901.876861706357
1791300180,0.004045828354521892,0.004048483398937631,0.003998892966645389,0.003998892966645389,223.25505884442703
1791300240,0.003998892966645389,0.004030387334453214,0.003992018576852892,0.004030387334453214,61.51863245611774
1791300300,0.004030387334453214,0.00405026893839311,0.003985496923376957,0.00405026893839311,1100.0957182510217
1791300360,0.00405026893839311,0.004101580766674146,0.004005951412530782,0.0040825764282980785,1537.1221372260616
1791300420,0.0040825764282980785,0.004092794549340958,0.004047971442090513,0.004047971442090513,292.395045458409
1791300480,0.004047971442090513,0.004047971442090513,0.003968456344122129,0.004004855160384496,2547.0548281713027
1791300540,0.004004855160384496,0.0040551766771445685,0.004004855160384496,0.0040551766771445685,74.15778569548752
1791300600,0.0040551766771445685,0.0040551766771445685,0.0038495999560861235,0.0038495999560861235,4159.038590445023
1791300660,0.0038495999560861235,0.0038495999560861235,0.0036711976979458853,0.0036748627015311935,3732.5944194575854
1791300720,0.0036748627015311935,0.0038918345810200513,0.0036727477076632484,0.0038918345810200513,3309.043040577319
1791300780,0.0038918345810200513,0.003894348688847096,0.0038568587021379865,0.003857917181388413,72.66051993468635
1791300840,0.003857917181388413,0.0038976040170494424,0.003857891089056542,0.003857891089056542,55.53560116384655
1791300900,0.003857891089056542,0.0038897239337521905,0.003857891089056542,0.0038897239337521905,1.252143474260798
1791300960,0.0038897239337521905,0.0038897239337521905,0.003845461063709341,0.003845461063709341,251.08162332541684
1791301020,0.003845461063709341,0.003892370242791421,0.003845461063709341,0.003892370242791421,716.1183361829552
1791301080,0.003892370242791421,0.003914956946776675,0.00387712866699314,0.003914956946776675,49.66470237734468
1791301140,0.003914956946776675,0.003914956946776675,0.0038460699764362506,0.003853232410480597,984.1455625811598
1791301200,0.003853232410480597,0.003853232410480597,0.0037985466317254054,0.0038337069202825534,390.65355581746894
1791301260,0.0038337069202825534,0.0038337069202825534,0.0037185295981970855,0.0037185295981970855,1386.5015412807177
1791301320,0.0037185295981970855,0.003752027834836579,0.003717031066961038,0.003752027834836579,23.748458089911953
1791301380,0.003752027834836579,0.0037573305620110385,0.0037077320610710523,0.0037077320610710523,667.7323663206719
1791301440,0.0037077320610710523,0.0037430933524479695,0.0036519060002261983,0.003709486822859973,3778.31410337428
1791301500,0.003709486822859973,0.0037136537428580202,0.003709486822859973,0.0037136537428580202,104.84499130016479
1791301560,0.0037136537428580202,0.0037166598231755843,0.0036815967927750952,0.0037166598231755843,25.87225985883567
1791301620,0.0037166598231755843,0.0037264702740024023,0.0036960264664482726,0.0036960264664482726,282.44675101493647
1791301680,0.0036960264664482726,0.003731962259149608,0.0036950543937617234,0.0036950543937617234,47.98591793676765
1791301740,0.0036950543937617234,0.0037252011450350526,0.003680528770586475,0.003680528770586475,487.6329919732563
1791301800,0.003680528770586475,0.0037054532540140095,0.003680528770586475,0.0037054532540140095,69.99252594830688
1791301920,0.0037054532540140095,0.003737654390837511,0.0037054532540140095,0.003737654390837511,650.2287234725763
1791301980,0.003737654390837511,0.003738942144341319,0.003708874508007621,0.003708874508007621,138.50986649948004
1791302040,0.003708874508007621,0.003708874508007621,0.003695712926932757,0.0036983730696561715,189.6831329074851
1791302100,0.0036983730696561715,0.0036983730696561715,0.0036737250918424174,0.0036737250918424174,625.6131258151661
1791302160,0.0036737250918424174,0.0036737250918424174,0.003549069473782224,0.003604938310070382,3321.106720611032
1791302220,0.003604938310070382,0.0036270012552055103,0.0034546535413408695,0.003558122296482753,3673.8921472401576
1791302280,0.003558122296482753,0.003565690283760607,0.0034552665002651785,0.003556294448687657,3622.6631666120575
1791302340,0.003556294448687657,0.0035633691727562492,0.0034349923004059362,0.0034995242758620497,3970.447738464959
1791302400,0.0034995242758620497,0.0035199331819813777,0.0034995242758620497,0.003517369455062037,332.43829693356685
1791302460,0.003517369455062037,0.0035304641684308713,0.0034931358924973014,0.0034931358924973014,269.5868271504739
1791302520,0.0034931358924973014,0.0035327707816824065,0.0034880917720166793,0.0034880917720166793,496.39374041790245
1791302580,0.0034880917720166793,0.003519873431821924,0.0034613629301198114,0.0034866161554300296,1050.5002888248196
1791302640,0.0034866161554300296,0.003530287752763308,0.0034866161554300296,0.003530287752763308,130.34553566894007
1791302700,0.003530287752763308,0.003530287752763308,0.0034952737007996394,0.0035300483802199333,201.69084713475496
1791302760,0.0035300483802199333,0.003676887664613604,0.003496736613292205,0.003633976830217784,7492.690451697015
1791302820,0.003633976830217784,0.0036421872214548712,0.0035966445284763633,0.0036079398774443616,796.8768097638905
1791302880,0.0036079398774443616,0.0036079398774443616,0.003371853739547536,0.0033999539408685843,6146.165015381664
1791302940,0.0033999539408685843,0.0033999539408685843,0.003245922943751554,0.0033815517574586887,5452.490104780807
1791303000,0.0033815517574586887,0.003404815116231745,0.0033484343754518224,0.003404815116231745,1196.9232456771654
1791303060,0.003404815116231745,0.003404815116231745,0.0032490087427535915,0.0033682902304368444,8253.788417222995
1791303120,0.0033682902304368444,0.0033849244652823514,0.0033474850279927833,0.0033474850279927833,749.0172059462545
1791303180,0.0033474850279927833,0.0033759803326978183,0.0033372186245793226,0.0033759803326978183,593.6446548765376
1791303240,0.0033759803326978183,0.0033759803326978183,0.0033318948735290644,0.0033728610154522332,572.2219858221572
1791303300,0.0033728610154522332,0.003376937461305836,0.003334292506958949,0.003351535386338324,542.7685297308724
1791303360,0.003351535386338324,0.0033834494424582295,0.0033398101376965446,0.003375318769475848,848.9386943135053
1791303420,0.003375318769475848,0.003380300139349542,0.0033121340929155732,0.0033398894198213196,955.7182314915348
1791303480,0.0033398894198213196,0.003344217838736146,0.0032414365878083748,0.003279344886126303,5386.334785936942
1791303540,0.003279344886126303,0.00334297528878508,0.003122853010321539,0.003269720051756082,5705.272521785358
1791303600,0.003269720051756082,0.003296582033726884,0.003231518682172822,0.0032605849330226444,1080.0143540872054
1791303660,0.0032605849330226444,0.0032947501670660814,0.0032605849330226444,0.0032947501670660814,105.13415584547894
1791303720,0.0032947501670660814,0.0033121165982705225,0.0032645869439844872,0.0033121165982705225,564.7307812603608
1791303780,0.0033121165982705225,0.0033121165982705225,0.0031641942779645753,0.0032419714685855286,3463.1821602112873
1791303840,0.0032419714685855286,0.003260090272232682,0.0032419714685855286,0.003260090272232682,282.4805462948349
1791303900,0.003260090272232682,0.0032757312032746515,0.0031660113572653165,0.0031660113572653165,2150.672117846251
1791303960,0.0031660113572653165,0.0032109365240524414,0.003122548563372445,0.0031935652386470507,3649.0121151028925
1791304020,0.0031935652386470507,0.0032905452524329038,0.0031499796229098307,0.0032622666159068943,3151.9062077360677
1791304080,0.0032622666159068943,0.003263844169421039,0.0032622666159068943,0.003263844169421039,989.7991991847648
1791304140,0.003263844169421039,0.0032895188701434147,0.003234196260200566,0.003234196260200566,808.7612974746145
1791304200,0.003234196260200566,0.003278977771045252,0.003224764483277219,0.003278977771045252,1276.7836466358744
1791304260,0.003278977771045252,0.00338028946948365,0.003278977771045252,0.0033391341663491464,2798.75120272129
1791304320,0.0033391341663491464,0.00337611242500363,0.0033367138865195143,0.0033367138865195143,598.1975814817728
1791304440,0.0033367138865195143,0.00344467849364252,0.0033367138865195143,0.0034166110720840067,1542.796380653871
1791304500,0.0034166110720840067,0.003468382538473938,0.0034166110720840067,0.0034664042629695075,632.3382582410451
1791304560,0.0034664042629695075,0.0035575649248653623,0.00343836794008844,0.00343836794008844,5415.660753542005
1791304620,0.00343836794008844,0.003516218687578344,0.0034316936374638243,0.0034316936374638243,3044.2434217140362
1791304680,0.0034316936374638243,0.003502847483770844,0.0034316936374638243,0.0034761716577772607,1518.7008936436434
1791304740,0.0034761716577772607,0.003540859602102372,0.0034755468279310717,0.0034958805310595256,1260.10646424848
1791304800,0.0034958805310595256,0.0035676247588854676,0.0034958805310595256,0.003524013974833631,1951.3823399395449
1791304860,0.003524013974833631,0.003566119397187974,0.0035184597255128753,0.0035533311318929318,398.81735751213665
1791304920,0.0035533311318929318,0.0035609511360611763,0.0035123525679023426,0.0035273830055532925,671.6633978818987
1791304980,0.0035273830055532925,0.0035612616115811143,0.003523866207545607,0.0035584245142249787,339.28239109694175
1791305040,0.0035584245142249787,0.0036312014098322685,0.003516507560903619,0.003560779705525549,6060.440248902963
1791305100,0.003560779705525549,0.0035673156999143905,0.003560779705525549,0.0035649644443883624,83.69298590376
1791305160,0.0035649644443883624,0.003568192385037746,0.0035649644443883624,0.003568192385037746,41.91855086859841
1791305220,0.003568192385037746,0.003568192385037746,0.003510005395586266,0.0035470313262314142,936.9049389129486
1791305280,0.0035470313262314142,0.0036550304361777724,0.0035154222049660613,0.0036178616611903156,2362.9495586416083
1791305340,0.0036178616611903156,0.003664867027509979,0.0036026134220847527,0.0036026134220847527,897.3193973748074
1791305400,0.0036026134220847527,0.0037726538193282506,0.0035953053827680525,0.0037079526347209273,5350.596565576275
1791305460,0.0037079526347209273,0.0038845784808607875,0.0037057284144835817,0.0037934233508338184,6809.91854579294
1791305520,0.0037934233508338184,0.003848628712162595,0.0037630796550848543,0.003809452338157211,2756.8171293278224
1791305580,0.003809452338157211,0.0038578578159080244,0.003706510153636282,0.0037092999063363568,3976.6429160681523
1791305640,0.0037092999063363568,0.003746653235124141,0.0036960639674436884,0.0037245328857842728,1241.40445523154
1791305700,0.0037245328857842728,0.0037292536557857045,0.003659050352031758,0.003659050352031758,845.6747262182191
1791305760,0.003659050352031758,0.003659050352031758,0.003571485609715416,0.0035715920341489182,1657.5173653252964
1791305820,0.0035715920341489182,0.0036291158317541907,0.0035715920341489182,0.003580199862516699,1180.5495666971765
1791305880,0.003580199862516699,0.003625750330343558,0.0035792223933891055,0.0036179413744835153,730.3994434956215
1791305940,0.0036179413744835153,0.00378953755028854,0.0036179413744835153,0.0037557910115719956,3513.204738262
1791306000,0.0037557910115719956,0.003797915956681857,0.0037116521656349166,0.0037472033658880136,1738.9481491525114
1791306060,0.0037472033658880136,0.003878904645211663,0.0037472033658880136,0.0038074490545248526,4943.093985160296
1791306120,0.0038074490545248526,0.003836411407703396,0.0037101753958331415,0.0037101753958331415,2081.004277021084
1791306180,0.0037101753958331415,0.0037789567976383824,0.0037101753958331415,0.00374431779164313,812.5464133025521
1791306240,0.00374431779164313,0.0037904888343320837,0.0037011627585435045,0.0037011627585435045,1249.5169745270955
1791306300,0.0037011627585435045,0.0037738062100228812,0.003697261007764146,0.0037646242407338255,1222.204900446337
1791306360,0.0037646242407338255,0.0038026323398434106,0.003761136094178101,0.0038026323398434106,108.63689324927553
1791306420,0.0038026323398434106,0.003814385945377371,0.0037684332899445235,0.0038140553899971147,366.1525693596156
1791306480,0.0038140553899971147,0.003944875833614749,0.003776434936483239,0.003926639082698374,5637.955266691291
1791306540,0.003926639082698374,0.004006410237318738,0.003910050983403165,0.003916201383028552,3922.2444697961764
1791306600,0.003916201383028552,0.003966636485881244,0.0038826520304987527,0.003929944626751948,1196.561773158117
1791306660,0.003929944626751948,0.004021762410915992,0.003921899395716962,0.003983563666099329,1513.3096524318032
1791306720,0.003983563666099329,0.004019449182050953,0.003960790692637837,0.003989415943204435,685.8886610590287
1791306780,0.003989415943204435,0.004001899254762745,0.00393424050399694,0.003972965957315342,783.1747139950218
1791306840,0.003972965957315342,0.004013314694328471,0.003911851666163742,0.003972125382009252,2200.4328570732187
1791306900,0.003972125382009252,0.0040193307569604585,0.003819734663452481,0.003869882086027426,3528.644037248656
1791306960,0.003869882086027426,0.0038899521672085737,0.0037967421896765454,0.003799575376022633,2109.233478773071
1791307020,0.003799575376022633,0.003861757253930408,0.003799575376022633,0.003861757253930408,841.6298581246125
1791307080,0.003861757253930408,0.003876794567225684,0.0038343865008593474,0.003869217091226876,434.1538152720186
1791307140,0.003869217091226876,0.003898340890024665,0.0038346324082880303,0.003872751554201504,1325.441040260802
1791307200,0.003872751554201504,0.003938445884168809,0.0038354168878430525,0.0039091283318132,1351.8135144911148
1791307260,0.0039091283318132,0.00393476506914579,0.003798687931162429,0.003827057968031517,2568.121138306984
1791307320,0.003827057968031517,0.003827057968031517,0.0037980935991678184,0.003800436475781746,56.257516417269116
1791307380,0.003800436475781746,0.003812102637190483,0.003766602708854219,0.003772115618035812,363.79606721324456
1791307440,0.003772115618035812,0.003796070997748668,0.0037308060805913475,0.003764021276571095,704.0324709322718
1791307500,0.003764021276571095,0.003766905582962249,0.003730204282920038,0.0037329392803470366,17.867527314607408
1791307560,0.0037329392803470366,0.0038122994427179716,0.0037329392803470366,0.0038122994427179716,799.8211593291043
1791307620,0.0038122994427179716,0.0038122994427179716,0.003619991349152732,0.003619991349152732,2876.2266659400566
1791307680,0.003619991349152732,0.0037697656898687073,0.003619991349152732,0.0037697656898687073,2370.375864551591
1791307740,0.0037697656898687073,0.0037732425151162804,0.0037217946487841415,0.0037732425151162804,745.5433370924287
1791307800,0.0037732425151162804,0.003787774158315254,0.003731186159063913,0.0037364810596909586,546.475139565905
1791307860,0.0037364810596909586,0.0037706506803462055,0.0037186668178974475,0.0037186668178974475,616.1420893114611
1791307920,0.0037186668178974475,0.0037671091357767113,0.003694580685593794,0.0037187172029142196,1394.9655261871667
1791307980,0.0037187172029142196,0.0037533608619658167,0.003655067509261498,0.003694372882188211,1386.6246375852056
1791308040,0.003694372882188211,0.0037084090598217,0.003694372882188211,0.0037084090598217,198.07085165617545
1791308100,0.0037084090598217,0.0037084090598217,0.0036492620747137477,0.0036492620747137477,401.6616696032358
1791308160,0.0036492620747137477,0.0036492620747137477,0.0035937832738224392,0.003616714018305853,1345.715397571783
1791308220,0.003616714018305853,0.0036200387371782164,0.0035254289310085378,0.0035642275813492293,994.2621628253337
1791308280,0.0035642275813492293,0.0035642275813492293,0.00351570049157019,0.0035551152353842904,748.4482424163652
1791308340,0.0035551152353842904,0.003578792198699929,0.003510435480498891,0.003578792198699929,1192.4282559526816
1791308400,0.003578792198699929,0.0035847683150497175,0.0035300933512338074,0.0035300933512338074,356.06578244583216
1791308460,0.0035300933512338074,0.0035300933512338074,0.003493531675953466,0.003493531675953466,640.477010360298
1791308520,0.003493531675953466,0.00351832901508172,0.00346902926024089,0.00346902926024089,676.1780142933108
1791308580,0.00346902926024089,0.003499993521021598,0.0034639835426899875,0.0034639835426899875,117.48058452757628
1791308640,0.0034639835426899875,0.0034639835426899875,0.003442754857076708,0.003459279100163535,677.6111283219512
1791308700,0.003459279100163535,0.0034601932870927826,0.003418056449086563,0.003418056449086563,274.37392731120644
1791308760,0.003418056449086563,0.003422825166341389,0.003356028598736312,0.003356028598736312,1137.8537011443186
1791308820,0.003356028598736312,0.003396863018885707,0.0033499850895883343,0.003396863018885707,1181.1497638925116
1791308880,0.003396863018885707,0.0033973182485645824,0.0033602887455488903,0.003363310535012366,115.1248134650769
1791308940,0.003363310535012366,0.003396584228761261,0.003351720365396781,0.003396584228761261,853.5059641429445
1791309000,0.003396584228761261,0.0034017096272615753,0.0033477123269822964,0.0033477123269822964,683.2793035038411
1791309060,0.0033477123269822964,0.0033477123269822964,0.00330598799222463,0.0033275130479646117,2089.2161991628413
1791309120,0.0033275130479646117,0.0033960350936731182,0.0033275130479646117,0.0033592980965201813,2084.4301351214285
1791309180,0.0033592980965201813,0.003401326656338666,0.003356408643378707,0.0033724733068932144,376.28071447912185
1791309240,0.0033724733068932144,0.003434522973869502,0.003358497313002801,0.003434522973869502,1297.8328037630306
1791309300,0.003434522973869502,0.0034363750722613403,0.00339611746996339,0.0034346900237232202,539.513530752125
1791309360,0.0034346900237232202,0.003436771822048295,0.0034023087965050886,0.003436771822048295,53.77952721401171
1791309420,0.003436771822048295,0.003436771822048295,0.003372644236721542,0.0034045865849669,300.3956879347188
1791309480,0.0034045865849669,0.0034502406393359837,0.0033955938645041962,0.0033955938645041962,617.5113096075614
1791309540,0.0033955938645041962,0.003433776185184008,0.0033955938645041962,0.003398378879192843,75.22088031819375
1791309600,0.003398378879192843,0.003513886212761151,0.003393557750729081,0.0034784448546444687,1975.3090082341068
1791309660,0.0034784448546444687,0.0034819932746236104,0.0034784448546444687,0.003481449702944864,43.42743237596289
1791309720,0.003481449702944864,0.0035452054466409834,0.0034793339412129373,0.0035452054466409834,683.2565683023354
1791309780,0.0035452054466409834,0.003558666469472334,0.003521652312945077,0.003521652312945077,191.27790026686577
1791309840,0.003521652312945077,0.0036084691091533647,0.0034057985982953844,0.0035089150073642312,9565.74910997563
1791309900,0.0035089150073642312,0.003547591627908457,0.0035089150073642312,0.003547591627908457,10.033874678693689
1791309960,0.003547591627908457,0.0036029997685751037,0.003547591627908457,0.0036029997685751037,405.93085543334735
1791310020,0.0036029997685751037,0.0036029997685751037,0.003559346688382304,0.003559346688382304,210.23604101080912
1791310080,0.003559346688382304,0.003559346688382304,0.0035251859752384565,0.0035561685501286737,744.5005999291216
1791310140,0.0035561685501286737,0.0035561685501286737,0.003480644897847816,0.0035191816459001755,1417.5807587860288
1791310200,0.0035191816459001755,0.0035573816668359464,0.0035191816459001755,0.0035573816668359464,574.1832272834893
1791310260,0.0035573816668359464,0.00357545593648761,0.0035573816668359464,0.00357545593648761,36.360042744339616
1791310320,0.00357545593648761,0.003596992962907343,0.00357545593648761,0.003596992962907343,380.1921013838069
1791310380,0.003596992962907343,0.003596992962907343,0.003550213738208058,0.003556977028746531,759.3377810089622
1791310440,0.003556977028746531,0.0035986234716242245,0.0035483463400680657,0.0035483463400680657,461.8123076626985
1791310500,0.0035483463400680657,0.0035759329739797853,0.0035483463400680657,0.0035759329739797853,35.71239116315139
1791310560,0.0035759329739797853,0.0035759329739797853,0.0035385206036444815,0.0035385206036444815,20.222026330727946
1791310620,0.0035385206036444815,0.0035385206036444815,0.0035319259648948368,0.0035319259648948368,60.20671466875356
1791310680,0.0035319259648948368,0.0035653972220537717,0.0035319259648948368,0.0035653972220537717,0.5877946234084624
1791310740,0.0035653972220537717,0.0035653972220537717,0.0035128036142391436,0.0035128036142391436,308.1625882000678
1791310800,0.0035128036142391436,0.0035133286785172003,0.0035128036142391436,0.0035133286785172003,37.32864905468551
1791310860,0.0035133286785172003,0.0035133286785172003,0.003446030706838805,0.003464458414457191,1796.5780961566466
1791310920,0.003464458414457191,0.003464458414457191,0.003427014142482943,0.003427014142482943,128.8431676929417
1791310980,0.003427014142482943,0.00345613195129374,0.0033381671008711374,0.0033659211151462875,2381.170008573134
1791311040,0.0033659211151462875,0.0033666785172664893,0.0033633263199180064,0.0033666785172664893,39.37609680403749
1791311100,0.0033666785172664893,0.0033666785172664893,0.0032634576144912925,0.0032928368218805124,2943.2543167538993
1791311160,0.0032928368218805124,0.0032928368218805124,0.0032142704062195493,0.0032714782853806123,3132.9109237027233
1791311220,0.0032714782853806123,0.00331341835198653,0.0031732369468890948,0.0032515077889259153,3984.057366990343
1791311280,0.0032515077889259153,0.0032552079432872252,0.0030830085040327642,0.003194242508508524,6420.1473171005
1791311340,0.003194242508508524,0.003194584839962839,0.0031845489569694457,0.0031845489569694457,166.02252244780902
1791311400,0.0031845489569694457,0.0031845489569694457,0.002811690122866192,0.0028347502532595215,12208.527147709834
1791311460,0.0028347502532595215,0.002913037847169777,0.0027833011163780792,0.0028426775941974764,8828.437404964445
1791311520,0.0028426775941974764,0.0029414680692676854,0.0028338096077765197,0.0028826255066955447,5133.841236969441
1791311580,0.0028826255066955447,0.0028881607806354576,0.002799184139767701,0.0028329823799372864,2016.4145421843994
1791311640,0.0028329823799372864,0.0029073652134196442,0.0027992162400522656,0.0029073652134196442,5680.9404446586295
1791311700,0.0029073652134196442,0.0029073652134196442,0.0028342870417742447,0.00283869628090699,2588.250328704574
1791311760,0.00283869628090699,0.0028808802763205005,0.002774229086492235,0.0028277743602235813,2962.8263524171384
1791311820,0.0028277743602235813,0.002949580255829723,0.002751455665699892,0.002893982323191008,5676.41912329344
1791311880,0.002893982323191008,0.002893982323191008,0.002798317914766236,0.0028471009896554834,4043.1913352740944
1791311940,0.0028471009896554834,0.0028919102811985242,0.002839561847505823,0.002890770570136115,1107.7455040477473
1791312000,0.002890770570136115,0.002916134872465372,0.0028631668555719075,0.002916134872465372,1055.4255393640935
1791312060,0.002916134872465372,0.002927305957274439,0.0028057151339254114,0.0028470492641613316,4587.787088433042
1791312120,0.0028470492641613316,0.00289456949329458,0.002834500936989816,0.002893459054984448,1357.9686589553487
1791312180,0.002893459054984448,0.0029461974934353163,0.002893459054984448,0.002899988972953185,2590.8226111116082
1791312240,0.002899988972953185,0.0029077202108281947,0.00283245253160813,0.0028666146531055635,1697.4658699159154
1791312300,0.0028666146531055635,0.002915099529855094,0.0028112985080009285,0.002907171692404104,2603.5250468747245
1791312360,0.002907171692404104,0.0029104488752220957,0.0028199686343989326,0.002855474649649184,2355.1254026066035
1791312420,0.002855474649649184,0.002870328683408406,0.0028175321803888516,0.002870328683408406,1686.0728760074442
1791312480,0.002870328683408406,0.00288843134515854,0.0028491367106805955,0.002880000306984969,1749.561927879327
1791312540,0.002880000306984969,0.002880000306984969,0.0027491484277111272,0.0027491484277111272,5481.584259218663
1791312600,0.0027491484277111272,0.0027873115735112543,0.002731268443097154,0.002759393377868116,1874.342476934649
1791312660,0.002759393377868116,0.0027918175636286627,0.0027216443866296437,0.0027770592166306337,3731.4929813730887
1791312720,0.0027770592166306337,0.002798938476987819,0.00272583736227067,0.0027540312467083925,2849.1352692375453
1791312780,0.0027540312467083925,0.0027999249973855614,0.002735447084736276,0.0027681936538831147,1370.5543147032308
1791312840,0.0027681936538831147,0.002794411373632619,0.002735915330373902,0.0027654802088705873,1228.255803843604
1791312900,0.0027654802088705873,0.00276883808004212,0.002739394500520372,0.0027671259164620213,110.28204117440882
1791312960,0.0027671259164620213,0.002769238654783892,0.0027671259164620213,0.0027678335823669736,56.309843186990555
1791313020,0.0027678335823669736,0.0027678335823669736,0.002738447099311699,0.002738447099311699,68.44655682609894
1791313080,0.002738447099311699,0.002738447099311699,0.0027179046373566112,0.0027179046373566112,600.1474773842813
1791313140,0.0027179046373566112,0.0027390416646061754,0.0026762890168138295,0.00270091523585392,1020.9350931159167
1791313200,0.00270091523585392,0.0027017240582174417,0.002671812904507493,0.002671812904507493,91.00641352502147
1791313260,0.002671812904507493,0.002701052783155703,0.0025521675933986624,0.0026246764043656888,5520.29676735519
1791313320,0.0026246764043656888,0.0026668885016119183,0.00258699591667497,0.0026382292213968156,1460.804395709315
1791313380,0.0026382292213968156,0.0026619761766469153,0.0026319554090398203,0.0026619761766469153,238.02635907430158
1791313440,0.0026619761766469153,0.0026661007883758093,0.002621789169219393,0.0026338543095394814,963.0310902071144
1791313500,0.0026338543095394814,0.002643149925621065,0.0025979017310407645,0.0026127025833066024,949.9109482035079
1791313560,0.0026127025833066024,0.0026127025833066024,0.002599093341404565,0.002599093341404565,251.61767888336743
1791313620,0.002599093341404565,0.002642517253563907,0.002596041255075207,0.002642517253563907,540.9507857195339
1791313680,0.002642517253563907,0.002660569430166259,0.0026155761025238927,0.002660569430166259,701.3550895453857
1791313740,0.002660569430166259,0.0026795689385336746,0.002660569430166259,0.0026795689385336746,295.20229351441895
1791313800,0.0026795689385336746,0.0026871794768525536,0.0026795689385336746,0.002685709081802568,157.07714515712487
1791313860,0.002685709081802568,0.002697024849127897,0.002685709081802568,0.002697024849127897,238.70045568715878
1791313920,0.002697024849127897,0.0027003577524320594,0.002697024849127897,0.0027003577524320594,18.90078050432151
1791313980,0.0027003577524320594,0.0027087801066139113,0.0026746014329547085,0.0026825676359729903,648.0141200811303
1791314040,0.0026825676359729903,0.0027116240458474813,0.0026825676359729903,0.0027116240458474813,4.967087859052812
1791314100,0.0027116240458474813,0.0027116240458474813,0.0026677907153781996,0.0026677907153781996,542.6512964624604
1791314160,0.0026677907153781996,0.0026677907153781996,0.002656894224985747,0.0026574855255768713,15.514703663944326
1791314220,0.0026574855255768713,0.0026709069807167515,0.0026488706857622705,0.002670051104675185,257.7613447818977
1791314280,0.002670051104675185,0.002670051104675185,0.0026171732910577053,0.0026171732910577053,435.8613047547784
1791314340,0.0026171732910577053,0.0026171732910577053,0.002613833361753959,0.002613833361753959,210.66777766140174
1791314400,0.002613833361753959,0.0026363482967495656,0.002613833361753959,0.0026363482967495656,29.52791086779156
1791314460,0.0026363482967495656,0.0026369187374095993,0.002608931772240526,0.002608931772240526,52.762422928799026
1791314520,0.002608931772240526,0.002608931772240526,0.0025688547394809116,0.0026041214649764033,1540.891689373414
1791314580,0.0026041214649764033,0.0026092640567079335,0.002577633696420894,0.0026092640567079335,142.25002386608668
1791314640,0.0026092640567079335,0.002632600065752576,0.0026092640567079335,0.002632600065752576,480.06584298572983
1791314700,0.002632600065752576,0.0026337399778300296,0.002632600065752576,0.0026337399778300296,1.1842392051048978
1791314820,0.0026337399778300296,0.0026337399778300296,0.0026048556786520283,0.002632121797070533,179.4308266186335
1791314880,0.002632121797070533,0.0026781575448537923,0.002632121797070533,0.0026781575448537923,917.6878888622269
1791314940,0.0026781575448537923,0.0026801987771083078,0.0026781575448537923,0.0026788884872882505,12.71800496371402
1791315000,0.0026788884872882505,0.0026863747890441855,0.002656308567535978,0.0026582503988935757,490.0584888178556
1791315060,0.0026582503988935757,0.0026582503988935757,0.002652534530509303,0.0026561999075852528,12.34731142446053
1791315120,0.0026561999075852528,0.0026561999075852528,0.002654922176361102,0.002654922176361102,2.336924940747708
1791315180,0.002654922176361102,0.002685495892853517,0.002615835418706293,0.002629739133447783,1174.2176299114285
1791315240,0.002629739133447783,0.002629739133447783,0.0025847526290700396,0.0025847526290700396,336.43804900584934
1791315300,0.0025847526290700396,0.002610936351354432,0.0025807945803741415,0.0025807945803741415,46.43765995371623
1791315360,0.0025807945803741415,0.0026327159520845456,0.0025807945803741415,0.002602472335444491,802.705701561351
1791315420,0.002602472335444491,0.0026027565230248313,0.0025590439503120842,0.002585086234090134,1627.3138074905019
1791315480,0.002585086234090134,0.0026260555419706953,0.002585086234090134,0.0026260555419706953,1526.152280034576
1791315540,0.0026260555419706953,0.002663827126311359,0.0025683393352933085,0.0025683393352933085,1729.137459507046
1791315600,0.0025683393352933085,0.002589845166967811,0.002492705115387143,0.0025392424255623863,2209.2797879589934
1791315660,0.0025392424255623863,0.0025683944447356766,0.0025124673139636094,0.0025661672401308434,872.4935475259982
1791315720,0.0025661672401308434,0.0025661672401308434,0.00251567090544291,0.0025182329677938247,998.4176187255703
1791315780,0.0025182329677938247,0.002543255559275284,0.0025161013543596495,0.0025161013543596495,66.80996053489666
1791315840,0.0025161013543596495,0.0025438779085654385,0.0025131121435775484,0.002518877217380204,427.6498027836483
1791315900,0.002518877217380204,0.0025431655783062874,0.002513552910012527,0.0025431655783062874,184.21564892758016
1791315960,0.0025431655783062874,0.0025431655783062874,0.0025076652780533434,0.0025076652780533434,364.78635139712776
1791316020,0.0025076652780533434,0.002536567975410017,0.0024546446520187126,0.002468260677783055,1805.742714445165
1791316080,0.002468260677783055,0.0025311826526365944,0.002460649711786057,0.0024740282532226916,3134.4845661630297
1791316140,0.0024740282532226916,0.0025050199326305395,0.002434793024399481,0.002457309574930782,3740.4682251528006
1791316200,0.002457309574930782,0.002512587777665182,0.002439962656388537,0.002439962656388537,2691.722491258858
1791316260,0.002439962656388537,0.0024957807926352504,0.002439962656388537,0.0024957807926352504,2203.8758885266607
1791316320,0.0024957807926352504,0.0024957807926352504,0.0024617282386687656,0.0024617282386687656,341.7127117942045
1791316380,0.0024617282386687656,0.002488569811077808,0.002458831145253064,0.002488569811077808,327.0723092320846
1791316440,0.002488569811077808,0.002492171687075473,0.0024202087302100683,0.002460113067573063,2039.8119634781892
1791316500,0.002460113067573063,0.0024964934476083113,0.0024573771229702813,0.0024806653863665117,533.8346080224434
1791316560,0.0024806653863665117,0.002493621591802368,0.002468350548505823,0.002468350548505823,788.6932256429457
1791316620,0.002468350548505823,0.0025098519994514903,0.002462835171511561,0.0024669012377520933,1495.4496675349487
1791316680,0.0024669012377520933,0.0024679799679937654,0.0024343374595705725,0.0024654541171145778,772.5315277681656
1791316740,0.0024654541171145778,0.002471447509658693,0.002389803217132854,0.002450472359345007,3304.5758311059258
1791316800,0.002450472359345007,0.0024803977090308584,0.002430570502307696,0.002451751938321971,1776.7811951947062
1791316860,0.002451751938321971,0.002454227917273289,0.002363354962891126,0.002389131716501038,2267.6139739048417
1791316920,0.002389131716501038,0.002472311745810893,0.002365964382612189,0.0024619411490549585,1677.1760274673754
1791316980,0.0024619411490549585,0.0024655125639571544,0.0024299803736431242,0.0024655125639571544,634.0203582747063
1791317040,0.0024655125639571544,0.002509156252122766,0.0024655125639571544,0.002509156252122766,1037.4165469586355
1791317100,0.002509156252122766,0.00252845019777002,0.0024842052922479686,0.00250203866522266,572.7643776219868
1791317160,0.00250203866522266,0.0025304016528024274,0.00250203866522266,0.0025304016528024274,98.80920579337196
1791317220,0.0025304016528024274,0.0025448026367882533,0.0025044695615086617,0.0025448026367882533,403.77136342634924
1791317280,0.0025448026367882533,0.0025973014887312055,0.0025448026367882533,0.002596823041320914,1371.4393346971451
1791317340,0.002596823041320914,0.002703411716766389,0.002596823041320914,0.0026777901845092466,2374.4472513627497
1791317400,0.0026777901845092466,0.002743479770608621,0.002666506384371656,0.0027009000641568274,1895.9191803034366
1791317460,0.0027009000641568274,0.0027705027720157835,0.0027009000641568274,0.0027705027720157835,1148.4644334831457
1791317520,0.0027705027720157835,0.0027705027720157835,0.0027406357995053386,0.0027582024572711875,447.2581351215978
1791317580,0.0027582024572711875,0.002781710397857581,0.0027468448903929187,0.002781710397857581,540.5546414957723
1791317640,0.002781710397857581,0.0027837207966208777,0.002781710397857581,0.0027837207966208777,44.08271227569678
1791317700,0.0027837207966208777,0.0027837207966208777,0.00270053632492254,0.002726169724009735,1242.811823678749
1791317760,0.002726169724009735,0.0027271351059169205,0.0026795333416032695,0.002707363135089795,787.5758571980359
1791317820,0.002707363135089795,0.0027454121696635528,0.002687928926813076,0.0027454121696635528,1175.119144825847
1791317880,0.0027454121696635528,0.0027478678791087777,0.002707161645773258,0.002707161645773258,954.4283975222502
1791317940,0.002707161645773258,0.002707161645773258,0.002690395354252068,0.002690395354252068,41.401294425380335
1791318000,0.002690395354252068,0.002690395354252068,0.0026850188820143218,0.0026850188820143218,203.71070133831537
1791318060,0.0026850188820143218,0.0027083609211221832,0.002682428706035036,0.0027083609211221832,50.184616600187155
1791318120,0.0027083609211221832,0.0027786817073372602,0.0027083609211221832,0.002778155050207609,1405.7840015250943
1791318180,0.002778155050207609,0.002778155050207609,0.0027511299708463505,0.0027511299708463505,3.979624764170505
1791318240,0.0027511299708463505,0.0027511299708463505,0.0027423608867458817,0.0027423608867458817,152.8058398021145
1791318300,0.0027423608867458817,0.002757512554840109,0.002712093141269779,0.002724653197735695,953.7926700367049
1791318360,0.002724653197735695,0.002724653197735695,0.0026982642463513457,0.0026982642463513457,1.1848034539882684
1791318420,0.0026982642463513457,0.0026982642463513457,0.0026954816698076317,0.0026954816698076317,13.467814232991694
1791318480,0.0026954816698076317,0.0026954816698076317,0.0026608325600589425,0.0026608325600589425,815.2395833668539
1791318540,0.0026608325600589425,0.002694186451799507,0.0026608325600589425,0.0026880366629047536,262.51507756578883
1791318600,0.0026880366629047536,0.0026880366629047536,0.0026580801848349075,0.0026620845748279065,559.1246082744743
1791318660,0.0026620845748279065,0.0026670543695180497,0.002517029991411756,0.0025192846984576013,3123.946572387586
1791318720,0.0025192846984576013,0.0025483281143993566,0.002507929009708113,0.002531583967171119,792.66004363864
1791318780,0.002531583967171119,0.0025455618569595762,0.002492969885366123,0.002507112204246599,1398.4178648724792
1791318840,0.002507112204246599,0.002525902193258517,0.002450216209219995,0.0024533795766094445,1817.6088168660283
1791318900,0.0024533795766094445,0.002478925914895809,0.002423254871779766,0.002445176020351747,1741.3957678018587
1791318960,0.002445176020351747,0.002470232603810648,0.0024124890263154636,0.002414053561346869,1432.3459762605783
1791319020,0.002414053561346869,0.002442184643597341,0.0023705270101028924,0.002412675553932469,1553.0160372289276
1791319080,0.002412675553932469,0.0024494363825109653,0.0023910806178565926,0.0024476163315303072,1447.9576579890563
1791319140,0.0024476163315303072,0.0024476163315303072,0.0023862063914749836,0.0023912690956667364,2309.3900557531842
1791319200,0.0023912690956667364,0.002457774632481081,0.0023303404783269976,0.0023571676516841843,5074.370440853338
1791319260,0.0023571676516841843,0.002384347723552093,0.00232142694713751,0.0023458984696325532,1691.6075960656
1791319320,0.0023458984696325532,0.002377654145556826,0.002313516078662378,0.002358131762848542,2448.4321953722774
1791319380,0.002358131762848542,0.002358131762848542,0.002257123832365558,0.002309902487385261,2986.0151134735747
1791319440,0.002309902487385261,0.002341775467261512,0.0022874254109197913,0.0022972348478903434,1699.6993908201941
1791319500,0.0022972348478903434,0.0024125831423870764,0.002295602250033791,0.0024125831423870764,3240.427786544397
1791319560,0.0024125831423870764,0.0024125831423870764,0.002376501109010022,0.0023829327694707054,921.2343126674157
1791319620,0.0023829327694707054,0.0024716660024642874,0.0023713119095831957,0.0024716660024642874,2266.5804861552715
1791319680,0.0024716660024642874,0.00249695030045141,0.0024460555462109236,0.0024532098715478253,1335.7794127374507
1791319740,0.0024532098715478253,0.002491948424474835,0.002441754851841972,0.0024777614480035173,1353.1844141276051
1791319800,0.0024777614480035173,0.002487690277816757,0.002450354718757696,0.0024606573832459664,363.3627817626218
1791319860,0.0024606573832459664,0.002486899084694677,0.002457626003297543,0.0024841828754874357,313.81550332746093
1791319920,0.0024841828754874357,0.0024841828754874357,0.0024261781455447015,0.002470140385195835,1286.1376660537037
1791319980,0.002470140385195835,0.002470140385195835,0.0024008737127099488,0.002424014337924504,451.93077996292243
1791320040,0.002424014337924504,0.0024311423158465653,0.002391377141194765,0.002420532904069873,949.4196154296881
1791320100,0.002420532904069873,0.0024326220661690374,0.0023913656482736647,0.0024326220661690374,379.8805604311969
1791320160,0.0024326220661690374,0.002434045003691636,0.0023766926974527563,0.002402957451229103,859.3649709724089
1791320220,0.002402957451229103,0.0024032594967674215,0.002356368023060965,0.002356368023060965,781.2185697193408
1791320280,0.002356368023060965,0.0023893786071569967,0.0023419802294576985,0.0023685194278275953,884.8855428046268
1791320340,0.0023685194278275953,0.0023752252712057774,0.0023156489271068605,0.002342571192029745,491.23142546444825
1791320400,0.002342571192029745,0.0023516056989839255,0.0023153784511026625,0.0023516056989839255,865.56046242585
1791320460,0.0023516056989839255,0.002356025994592222,0.002319553705760666,0.002319553705760666,358.75357218933783
1791320520,0.002319553705760666,0.0023430683928600104,0.0023053521051913804,0.0023053521051913804,419.6880363375911
1791320580,0.0023053521051913804,0.0023346165599062007,0.0023041437859303397,0.00233181876716972,450.57363405627905
1791320640,0.00233181876716972,0.0023935323392692575,0.0023041042639725244,0.0023682236416931717,2565.1700192195844
1791320700,0.0023682236416931717,0.0024277175976795125,0.0023498049596798153,0.002402035674463661,2111.906672003362
1791320760,0.002402035674463661,0.0024327640765843105,0.002402035674463661,0.0024072312475111254,157.12768797920944
1791320820,0.0024072312475111254,0.0024072312475111254,0.0023266457158429912,0.002382542306259671,3301.5380257673446
1791320880,0.002382542306259671,0.0024108555921888894,0.0023647387779587308,0.002398683223297223,1707.392536409752
1791320940,0.002398683223297223,0.002398683223297223,0.0023624856743907625,0.0023624856743907625,738.7495677602461
1791321000,0.0023624856743907625,0.002384881776529895,0.0023474492356082427,0.0023474492356082427,628.3550968311312
1791321060,0.0023474492356082427,0.0023806747165791165,0.002340592521810308,0.0023689267813045856,993.4372337685509
1791321120,0.0023689267813045856,0.0023726404695817395,0.002331898892355893,0.00234776381871954,871.4978756574714
1791321180,0.00234776381871954,0.0023498803896503545,0.0023240960184823176,0.0023240960184823176,7.4830176168882225
1791321240,0.0023240960184823176,0.002344614952805392,0.0023207978739355896,0.002344614952805392,172.8604536070638
1791321300,0.002344614952805392,0.002344614952805392,0.00231653671162166,0.00231653671162166,41.081757814870265
1791321360,0.00231653671162166,0.00231653671162166,0.002245913966497001,0.002265615879655389,2801.2627843806413
1791321420,0.002265615879655389,0.002295132502264504,0.002265615879655389,0.002295132502264504,479.62528865804836
1791321480,0.002295132502264504,0.0023129808349396357,0.0022945813413343228,0.0022945813413343228,553.3935845698032
1791321540,0.0022945813413343228,0.0023196444299857836,0.0022945813413343228,0.0023196444299857836,30.65469088108172
1791321600,0.0023196444299857836,0.0023196444299857836,0.002319036915968313,0.002319036915968313,11.906702675588306
1791321660,0.002319036915968313,0.002327370432751552,0.0022948194144329923,0.002327370432751552,378.6252857622067
1791321720,0.002327370432751552,0.0023379896175997235,0.0023123951206744254,0.0023379896175997235,12.582961643955153
1791321780,0.0023379896175997235,0.002338086838607641,0.002312079539295339,0.002338086838607641,65.20355495225667
1791321840,0.002338086838607641,0.002342824924487306,0.002338086838607641,0.002342824924487306,118.77022479259082
1791321900,0.002342824924487306,0.002345037523726161,0.0022444616378383135,0.0022710436088638373,2219.4060292211693
1791322020,0.0022710436088638373,0.0022921563567885692,0.002143172257141818,0.0021672326401296306,5684.085302280673
1791322080,0.0021672326401296306,0.002204076244411809,0.0021399770777132034,0.0021702130773554925,3686.90357569909
1791322140,0.0021702130773554925,0.0021913969062893,0.0019962772171104415,0.0020772608104454838,14275.831074450098
1791322200,0.0020772608104454838,0.002124629773039676,0.002077089620464818,0.002124629773039676,1005.3927137985833
1791322260,0.002124629773039676,0.0021257579507367196,0.0020976705034922907,0.002122844974466177,567.574058217224
1791322320,0.002122844974466177,0.002138706749051686,0.0020784053834944053,0.002138706749051686,3638.842578104311
1791322380,0.002138706749051686,0.0021611757582208966,0.0021147298454432333,0.0021551258205815696,3082.1786817327484
1791322440,0.0021551258205815696,0.0021551258205815696,0.0021025214000697776,0.0021269979913987104,817.0012931022932
1791322500,0.0021269979913987104,0.0021546312854346596,0.002121832326799993,0.0021387492459138046,995.5875407521728
1791322560,0.0021387492459138046,0.0021623766478077915,0.002064889395239137,0.002064889395239137,2026.6797143086433
1791322620,0.002064889395239137,0.0021024349540500115,0.002046824278819279,0.0021024349540500115,1498.4122574862556
1791322680,0.0021024349540500115,0.0021174200103101126,0.0020846204286445423,0.0021031489035215406,461.1546041341381
1791322740,0.0021031489035215406,0.002146643318046138,0.0020990966708234727,0.002146643318046138,723.5180424850796
1791322800,0.002146643318046138,0.002162287176562187,0.0021101896237733565,0.0021101896237733565,1850.0681047353924
1791322860,0.0021101896237733565,0.002123255191063788,0.002088629176908983,0.002123255191063788,847.5851844291279
1791322920,0.002123255191063788,0.002127023336147071,0.002092963113175056,0.0021091453699043656,726.3220995689135
1791322980,0.0021091453699043656,0.0021091453699043656,0.0020622047780143155,0.0020925456652498013,1427.335172376549
1791323040,0.0020925456652498013,0.002127006789355313,0.002077910514976959,0.0020975485169675108,1101.4299243369458
1791323100,0.0020975485169675108,0.0021316302493519126,0.0020970759833863787,0.002124317893696939,590.3540065131081
1791323160,0.002124317893696939,0.002133836359866774,0.0021104600392379,0.002133836359866774,23.128875830581908
1791323220,0.002133836359866774,0.002133836359866774,0.0018803890198836916,0.0020602765865725126,6914.348942898895
1791323280,0.0020602765865725126,0.0020817395113717804,0.0020545375401596453,0.0020545375401596453,1575.8116209023726
1791323340,0.0020545375401596453,0.002096159012797952,0.0020512061264262842,0.002072436380273403,699.2383284773347
1791323400,0.002072436380273403,0.002072436380273403,0.0020599581094518597,0.0020599581094518597,305.1278697302166
1791323460,0.0020599581094518597,0.002092532948942093,0.0020599581094518597,0.0020651396165414972,831.9797913629201
1791323520,0.0020651396165414972,0.0021003613570913246,0.0020651396165414972,0.0020726117749364325,776.0345496571989
1791323580,0.0020726117749364325,0.0021057260234471097,0.0020508969100872707,0.0020752723975634964,1392.0776739591358
1791323640,0.0020752723975634964,0.0020953760295163554,0.0020691573891015533,0.0020953760295163554,598.6021301223616
1791323700,0.0020953760295163554,0.002104662694466556,0.0020660365923482996,0.002104662694466556,564.4388701552097
1791323760,0.002104662694466556,0.0021105976636009815,0.002079388563063878,0.0021105976636009815,681.5203484593284
1791323820,0.0021105976636009815,0.002161035063781965,0.0021105976636009815,0.002161035063781965,947.770289316013
1791323880,0.002161035063781965,0.0021758959398798412,0.0021525765991798817,0.0021758959398798412,433.4210901052731
1791323940,0.0021758959398798412,0.0021758959398798412,0.0021318974869944723,0.0021453275981298398,1232.0780788437576
1791324000,0.0021453275981298398,0.002147822708471981,0.002122976257899287,0.002123999355008254,24.676306129723624
1791324060,0.002123999355008254,0.002224898058126354,0.002120086867056291,0.002201184870493867,2123.0268666742577
1791324120,0.002201184870493867,0.002246468097082829,0.0021997107279699783,0.002246468097082829,504.1916757120334
1791324180,0.002246468097082829,0.0022499801873149244,0.0022126714714356495,0.0022126714714356495,580.3161383082601
1791324240,0.0022126714714356495,0.0022276409399015,0.0022126714714356495,0.0022276409399015,49.55358292989248
1791324300,0.0022276409399015,0.0022310752595875857,0.0022033799004275594,0.002206502896571172,408.59016005533607
1791324360,0.002206502896571172,0.0022422785486269485,0.002206502896571172,0.002210914679571756,826.9146329901796
1791324420,0.002210914679571756,0.002237619814866957,0.002210914679571756,0.002237619814866957,168.62255608525533
1791324480,0.002237619814866957,0.002237619814866957,0.002206355322674118,0.002206355322674118,302.878827809068
1791324540,0.002206355322674118,0.0022336033940595123,0.002206355322674118,0.0022336033940595123,50.12783237340266
1791324600,0.0022336033940595123,0.0022336033940595123,0.0022059881197351453,0.0022059881197351453,101.12626610005647
1791324660,0.0022059881197351453,0.002227200980706006,0.0022059881197351453,0.002227200980706006,24.085466354266295
1791324720,0.002227200980706006,0.002228644740565596,0.002203091784224658,0.002203091784224658,90.62485544732685
1791324780,0.002203091784224658,0.0022324863737214025,0.0021992020655148665,0.0022324863737214025,534.218611768778
1791324840,0.0022324863737214025,0.0022324863737214025,0.0022064683493364687,0.0022064683493364687,225.8685351705697
1791324900,0.0022064683493364687,0.0022064683493364687,0.0022055417040537676,0.0022055417040537676,79.69219439645262
1791325080,0.0022055417040537676,0.0022142870213463805,0.002202853001078515,0.002202853001078515,488.7182168760563
1791325140,0.002202853001078515,0.0022290654314778874,0.00218849499204185,0.002210650170433537,962.9633819400036
1791325200,0.002210650170433537,0.0022349331016665577,0.002193463788563072,0.002193463788563072,471.4206539793759
1791325260,0.002193463788563072,0.0022157225257185666,0.002193463788563072,0.0022146545775879726,5.5769569159066865
1791325320,0.0022146545775879726,0.0022148033161738705,0.0021833376934363474,0.00220998618143987,444.54789271433157
1791325380,0.00220998618143987,0.00220998618143987,0.0021741195033116,0.002190309648138788,699.3931935897376
1791325440,0.002190309648138788,0.0021915414964554436,0.002161174866135359,0.0021787554291839294,466.45995300173786
1791325500,0.0021787554291839294,0.002183931512057251,0.002154165416180296,0.002178923573128374,554.1658409530696
1791325560,0.002178923573128374,0.002183507841215113,0.002153814388530439,0.002153814388530439,394.82310492974943
1791325620,0.002153814388530439,0.0021567358491787324,0.002141599520467105,0.0021567358491787324,615.0755112861062
1791325680,0.0021567358491787324,0.0021583778459808886,0.0021355312542039695,0.0021573542406241237,91.12458815748968
1791325740,0.0021573542406241237,0.0021588327919392766,0.0021303050055952065,0.0021303050055952065,185.53733463134142
1791325800,0.0021303050055952065,0.0021632228888532907,0.002123338512690712,0.0021632228888532907,741.1208957165694
1791325920,0.0021632228888532907,0.0021632228888532907,0.0021392192743649686,0.0021392192743649686,34.19741424986954
1791325980,0.0021392192743649686,0.00214417079747361,0.0021003122147412656,0.0021003122147412656,982.891470921147
1791326040,0.0021003122147412656,0.0021277802571379274,0.0021003122147412656,0.0021032067106397895,248.5402695455096
1791326100,0.0021032067106397895,0.0021077734198115287,0.002092025494951765,0.002092025494951765,531.7210132314644
1791326160,0.002092025494951765,0.002129845428444495,0.0020783297187302765,0.002119266302885996,1808.26634510117
1791326220,0.002119266302885996,0.0021359899034688185,0.0021086273893005675,0.0021086273893005675,147.17222512282407
1791326280,0.0021086273893005675,0.0021557347849489187,0.002105471410729401,0.0021304329999880696,935.7617714362096
1791326340,0.0021304329999880696,0.0021304329999880696,0.002129614238519254,0.002129614238519254,3.8697704832296833
1791326400,0.002129614238519254,0.002129614238519254,0.002121409014910731,0.002121409014910731,182.52283484080957
1791326460,0.002121409014910731,0.002121409014910731,0.0021212077566607063,0.0021212077566607063,7.610988045249392
1791326520,0.0021212077566607063,0.0021435140220551615,0.0021186574596595295,0.0021435140220551615,75.55751113420268
1791326580,0.0021435140220551615,0.0021435140220551615,0.0021185882858544606,0.0021185882858544606,2.3600230115607976
1791326640,0.0021185882858544606,0.002143404659795796,0.002021142439781905,0.0021053692516415415,3766.527410940274
1791326700,0.0021053692516415415,0.0021688467122287446,0.0020984907332157396,0.002143304547947071,2382.9480883747137
1791326760,0.002143304547947071,0.002144453373328374,0.001982749219595428,0.002039771442679272,6102.2097904065095
1791326820,0.002039771442679272,0.0021052144930640755,0.0019989094869279846,0.0020977455744983233,3219.2537156813128
1791326880,0.0020977455744983233,0.0021233653021317874,0.0020762087962365927,0.0020927278079209107,1004.4216934923057
1791326940,0.0020927278079209107,0.0020927278079209107,0.0020536281175371853,0.0020536281175371853,283.7749587731558
1791327000,0.0020536281175371853,0.002072127840152538,0.0020001294917187666,0.002052991641106851,2852.709230246065
1791327060,0.002052991641106851,0.0020610779288867025,0.002026630069157384,0.0020395564083850425,521.4442352698406
1791327120,0.0020395564083850425,0.002042620654570734,0.0019086121292903144,0.0019424460845487857,16487.612324212565
1791327180,0.0019424460845487857,0.0019544952634466864,0.0019237706819114828,0.0019481412709906707,1373.5426094198008
1791327240,0.0019481412709906707,0.001953315409495102,0.0019271024160900084,0.0019478057205491212,337.97776208364064
1791327300,0.0019478057205491212,0.001948473882733132,0.0018935240312322277,0.0019117144039008415,1690.0380965095974
1791327360,0.0019117144039008415,0.0019388028835985221,0.0018760300358779036,0.0018948832226806309,1463.008956528339
1791327420,0.0018948832226806309,0.0019226454860849236,0.001890925193966037,0.0018910070554078488,1739.2561241674166
1791327480,0.0018910070554078488,0.0019300972802478434,0.0018839841262288104,0.0019292761798143303,1580.1762643282398
1791327540,0.0019292761798143303,0.0019367263863206707,0.0019067785428237354,0.0019067785428237354,1353.6765910561583
1791327600,0.0019067785428237354,0.0019450878471863767,0.0019067785428237354,0.0019278425415866008,763.7060141544714
1791327660,0.0019278425415866008,0.0019554459113592867,0.001926984519726624,0.0019554459113592867,572.8164157882184
1791327720,0.0019554459113592867,0.001963912985454615,0.001941466860983842,0.001963912985454615,42.79401172937266
1791327780,0.001963912985454615,0.0020309445973589646,0.001963912985454615,0.0020309445973589646,1583.5743988682466
1791327840,0.0020309445973589646,0.002074188090436778,0.0020309445973589646,0.002074188090436778,430.34322347022857
1791327900,0.002074188090436778,0.002075586340876255,0.002074188090436778,0.002075586340876255,18.38875181505005
1791327960,0.002075586340876255,0.002094962094189242,0.002075586340876255,0.002094962094189242,212.93530211843444
1791328020,0.002094962094189242,0.0021089059292120843,0.0020687797038986904,0.0021089059292120843,908.5330995794213
1791328080,0.0021089059292120843,0.0021286376364317,0.0021089059292120843,0.0021286376364317,123.08021883908266
1791328140,0.0021286376364317,0.0021423286864729937,0.0021051630728607714,0.0021423286864729937,497.4864744381358
1791328200,0.0021423286864729937,0.002172203989662676,0.0021423286864729937,0.002172203989662676,792.1697922975711
1791328260,0.002172203989662676,0.002221487576179144,0.002172203989662676,0.002202818332918133,1119.1949992847706
1791328320,0.002202818332918133,0.002202818332918133,0.002191236407651162,0.0021917511056467553,258.01195213136873
1791328380,0.0021917511056467553,0.002203461145687578,0.0021752977961308822,0.002203461145687578,395.9220502862485
1791328440,0.002203461145687578,0.002215936525220073,0.0021911843654091327,0.0021911843654091327,269.4491941311869
1791328500,0.0021911843654091327,0.0021918788404409763,0.0021911843654091327,0.0021918788404409763,7.586662555264734
1791328680,0.0021918788404409763,0.0022178134993653805,0.0021918788404409763,0.002216568475567824,18.36059483109965
1791328740,0.002216568475567824,0.002216568475567824,0.002192761658895613,0.002192761658895613,24.581886318571595
1791328800,0.002192761658895613,0.002192761658895613,0.002177903183527144,0.002177903183527144,311.0899296920444
1791328920,0.002177903183527144,0.002201415695389158,0.002177903183527144,0.002201415695389158,91.4874428225996
1791329160,0.002201415695389158,0.002202517826193981,0.002201415695389158,0.002202517826193981,5.983923634645969
1791329220,0.002202517826193981,0.0022039842814885447,0.002179389052202641,0.0022039842814885447,29.618082982140574
1791329340,0.0022039842814885447,0.0022039842814885447,0.0021711357494671878,0.0021945244194119997,28.865901415319346
1791329400,0.0021945244194119997,0.002208744530219325,0.0021945244194119997,0.002208744530219325,397.98754887189057
1791329460,0.002208744530219325,0.002211673789657716,0.002208744530219325,0.002211673789657716,11.853230627826859
1791329520,0.002211673789657716,0.0022137413296932553,0.0021904689412729434,0.0021904689412729434,100.28789122659894
1791329580,0.0021904689412729434,0.0022124543124294196,0.0021904689412729434,0.0022124543124294196,5.9161953031767105
1791329700,0.0022124543124294196,0.0022292862009136794,0.0022054717648873957,0.0022292862009136794,264.75338709877417
1791329760,0.0022292862009136794,0.0022292862009136794,0.0022140308039893235,0.0022140308039893235,273.9213645823362
1791329820,0.0022140308039893235,0.0022140308039893235,0.0022026909393835217,0.0022026909393835217,147.24435463927318
1791329880,0.0022026909393835217,0.0022129324056976616,0.0021946451913418662,0.0022129324056976616,372.98748772173644
1791329940,0.0022129324056976616,0.0022139157572097644,0.0022129324056976616,0.0022139157572097644,2.3757515998670398
1791330000,0.0022139157572097644,0.002219534757495109,0.0022139157572097644,0.002219534757495109,160.3874145073004
1791330060,0.002219534757495109,0.0022226114827606975,0.002219534757495109,0.0022221650506519014,60.221388810000754
1791330120,0.0022221650506519014,0.0022249307764557378,0.0022221650506519014,0.0022249307764557378,5.992633746294317
1791330180,0.0022249307764557378,0.0022336365690294705,0.0022249307764557378,0.0022323390870745093,231.8341240452876
1791330240,0.0022323390870745093,0.002242966403246288,0.0022323390870745093,0.002242966403246288,439.7636817164024
1791330360,0.002242966403246288,0.002242966403246288,0.002205174010159724,0.002233483974427413,1951.4471552547684
1791330420,0.002233483974427413,0.0022568507522803534,0.002233483974427413,0.0022515882712902152,522.4304289541709
1791330480,0.0022515882712902152,0.002259241408692209,0.0022323873760997097,0.0022323873760997097,178.0316725183671
1791330540,0.0022323873760997097,0.0022323873760997097,0.002221249337255543,0.002221249337255543,355.9210193065373
1791330600,0.002221249337255543,0.0022305155160958013,0.0022057220627448356,0.0022305155160958013,182.4526940544442
1791330720,0.0022305155160958013,0.0022305155160958013,0.002204906079685217,0.002205412328762706,41.272710549321715
1791330780,0.002205412328762706,0.002230062332978378,0.002205412328762706,0.002230062332978378,29.79261314395137
1791330900,0.002230062332978378,0.002230062332978378,0.0022017258547555544,0.0022017258547555544,93.85832204870542
1791331020,0.0022017258547555544,0.0022017258547555544,0.002195530016039195,0.002195530016039195,121.32922053880233
1791331080,0.002195530016039195,0.002195530016039195,0.0021920960312492104,0.0021920960312492104,34.22998396748209
1791331140,0.0021920960312492104,0.0021920960312492104,0.0020512713207502284,0.002111535744303643,9017.521521905694
1791331200,0.002111535744303643,0.0021417332685655537,0.002111535744303643,0.0021117505802001058,505.51487939282225
1791331260,0.0021117505802001058,0.0021117505802001058,0.0020695829695169263,0.0020695829695169263,799.3469283986635
1791331320,0.0020695829695169263,0.0020695829695169263,0.002045806189732834,0.0020673447988472354,508.8903873715461
1791331380,0.0020673447988472354,0.0020673447988472354,0.0020332849817150857,0.002058415721031439,865.6607974959077
1791331440,0.002058415721031439,0.0020678235094415236,0.002049102760557592,0.0020678235094415236,798.8845030775702
1791331500,0.0020678235094415236,0.00207259722820572,0.0020678235094415236,0.0020685978247836755,194.63231093723863
1791331680,0.0020685978247836755,0.002076812870370925,0.0020558429539178223,0.0020558429539178223,111.18762484819669
1791331740,0.0020558429539178223,0.0020831433598294644,0.0020558429539178223,0.0020831433598294644,121.85854269569299
1791331860,0.0020831433598294644,0.0020925333326501133,0.0020831433598294644,0.002089981020583014,174.33525227484884
1791331920,0.002089981020583014,0.0020999320067350137,0.002089981020583014,0.0020999320067350137,201.77964139414192
1791332040,0.0020999320067350137,0.002104520793554189,0.0020999320067350137,0.002104520793554189,23.802762331053845
1791332100,0.002104520793554189,0.002104520793554189,0.0020815434874781524,0.0020818034801491567,12.012743700827965
1791332280,0.0020818034801491567,0.0021076822858903466,0.0020818034801491567,0.0021076822858903466,189.11339135488106
1791332340,0.0021076822858903466,0.0021462177815071842,0.0021076822858903466,0.0021462177815071842,854.8474977807931
1791332460,0.0021462177815071842,0.0021503494393498414,0.0021462177815071842,0.0021503494393498414,135.51962116724255
1791332520,0.0021503494393498414,0.0021524527040509213,0.0021503494393498414,0.0021524527040509213,47.20202009774949
1791332580,0.0021524527040509213,0.002176815604688524,0.0021524527040509213,0.00216456463613312,554.5188899197449
1791332700,0.00216456463613312,0.0021762216339663598,0.0021535958489578926,0.0021762216339663598,151.79295746415468
1791332760,0.0021762216339663598,0.0021762216339663598,0.0021535137991567452,0.0021535137991567452,0.9998375451076399
1791333000,0.0021535137991567452,0.0021757294890769555,0.0021535137991567452,0.0021757294890769555,23.886110138763485
1791333060,0.0021757294890769555,0.0021854625749916793,0.002167933801739528,0.002167933801739528,418.5145529514012
1791333180,0.002167933801739528,0.002197059924467083,0.002167933801739528,0.002197059924467083,114.65423691896183
1791333240,0.002197059924467083,0.002215339674732419,0.002170615169031853,0.002215339674732419,536.73773869311
1791333300,0.002215339674732419,0.002234781241827616,0.002215339674732419,0.0022258331620570214,882.7171136785572
1791333360,0.0022258331620570214,0.0022516831167503455,0.0022258331620570214,0.0022291197191174443,161.498311518927
1791333480,0.0022291197191174443,0.0022557169286748064,0.0022291197191174443,0.0022557169286748064,80.73505030186014
1791333540,0.0022557169286748064,0.0022629328112711783,0.0022557169286748064,0.0022629328112711783,213.05239435328372
1791333600,0.0022629328112711783,0.002278590629684449,0.0022629328112711783,0.002278590629684449,432.21133355129376
1791333660,0.002278590629684449,0.0023088222427647244,0.0022598664163295547,0.0023087730301384257,579.0945082730608
1791333720,0.0023087730301384257,0.0023219394510230157,0.0022926424337168455,0.0023219394510230157,350.7224603828524
1791333780,0.0023219394510230157,0.002329889210621735,0.0023219394510230157,0.002329889210621735,107.56730596590059
1791333900,0.002329889210621735,0.002332342181016853,0.0023069855467197273,0.002332342181016853,986.7454755529989
1791333960,0.002332342181016853,0.002339545348293333,0.002306741010259577,0.002339545348293333,314.47124468249035
1791334020,0.002339545348293333,0.002339545348293333,0.0023057217726163153,0.0023057217726163153,474.24367058783326
1791334080,0.0023057217726163153,0.002327377118858572,0.0023038329903229617,0.002327377118858572,40.68882742961498
1791334200,0.002327377118858572,0.002327377118858572,0.002302124280835822,0.0023265622396548354,52.804088087376776
1791334320,0.0023265622396548354,0.0023337305979113238,0.0023080761234056273,0.0023080761234056273,204.31004434869348
1791334380,0.0023080761234056273,0.0023325482430428452,0.0023061161203563477,0.0023061161203563477,100.01709790436638
1791334440,0.0023061161203563477,0.0023288429134941855,0.0023061161203563477,0.0023288429134941855,10.512146794161362
1791334500,0.0023288429134941855,0.002344382645218336,0.0023288429134941855,0.002344382645218336,327.73304906172626
1791334560,0.002344382645218336,0.0023502827148483333,0.0023135211742437213,0.0023268957583776743,1231.6722587372224
1791334620,0.0023268957583776743,0.002329238688681542,0.002303789588528441,0.002329238688681542,69.71709096878897
1791334680,0.002329238688681542,0.0023358944778748138,0.002329238688681542,0.0023358944778748138,268.89434522954286
1791334740,0.0023358944778748138,0.002353066418456217,0.0023358944778748138,0.002353066418456217,226.50589771230764
1791334800,0.002353066418456217,0.002353066418456217,0.002326354356991366,0.0023513938614384286,11.894199518977999
1791334860,0.0023513938614384286,0.0023513938614384286,0.0023189148850272985,0.0023189148850272985,107.18428477932439
1791334920,0.0023189148850272985,0.002344176563311288,0.0023181514891488556,0.0023181514891488556,1.4063924031301998
1791334980,0.0023181514891488556,0.0023526832094463573,0.002312703238104259,0.0023526832094463573,652.5868138256932
1791335040,0.0023526832094463573,0.0023665567199571175,0.002324969343480003,0.0023588883926280134,785.1933282116124
1791335100,0.0023588883926280134,0.0023840797043795086,0.0023588883926280134,0.0023840797043795086,35.38579142592517
1791335160,0.0023840797043795086,0.002388935360662989,0.0023578178459128856,0.002366484968028379,183.10668912499617
1791335280,0.002366484968028379,0.00244795073077784,0.002366484968028379,0.0024455808755246286,2899.4368356018217
1791335340,0.0024455808755246286,0.0024780790315039364,0.0024383775869538564,0.002456565993743901,1397.3435517548155
1791335400,0.002456565993743901,0.002510554139626287,0.0024031759936708236,0.0024970271120419315,5549.019991011116
1791335460,0.0024970271120419315,0.002602326435418674,0.0024953289557788274,0.0025920568095757395,4800.150348666612
1791335520,0.0025920568095757395,0.002611848283111387,0.002532282399872418,0.002587764140433898,2875.2860504595637
1791335580,0.002587764140433898,0.0026133670599680523,0.0025536252066089733,0.0025597629284874342,2469.5987001395397
1791335640,0.0025597629284874342,0.0026099388784530417,0.0025516363196067863,0.002575380372707222,1625.0831340011048
1791335700,0.002575380372707222,0.00261899410685043,0.002569161361612616,0.002594519651945356,1622.9492137221353
1791335760,0.002594519651945356,0.0026119961065327467,0.002566601461169884,0.0025838751357211373,729.5193779325965
1791335820,0.0025838751357211373,0.002613163465473004,0.0025037011049825076,0.0025072062225785898,3328.700484374196
1791335880,0.0025072062225785898,0.00252270685393853,0.002489294756176389,0.0025090250444029134,638.5740106534947
1791335940,0.0025090250444029134,0.002532132110814113,0.0024609187428614003,0.0025058264250293347,1451.6442760409352
1791336000,0.0025058264250293347,0.002542187737621413,0.0024948892483221004,0.0025092539716085735,874.8671125387339
1791336060,0.0025092539716085735,0.0025487698891016584,0.0025092539716085735,0.0025427469881779846,360.3801866608252
1791336120,0.0025427469881779846,0.0025427469881779846,0.002471328835465969,0.0024828673680770542,1651.0113940867373
1791336180,0.0024828673680770542,0.0025294311176390556,0.002480236950002186,0.002528901734226266,764.6640968422499
1791336240,0.002528901734226266,0.002566734164969562,0.002528901734226266,0.002566734164969562,919.1086671325891
1791336300,0.002566734164969562,0.0025701343845226103,0.002542844388835977,0.0025701343845226103,52.87704436881903
1791336360,0.0025701343845226103,0.0025701343845226103,0.002523041471641518,0.0025453936286214036,577.724070423734
1791336420,0.0025453936286214036,0.0025473971486331738,0.002519426168216749,0.0025473971486331738,62.41044764694844
1791336480,0.0025473971486331738,0.0025473971486331738,0.0025209779610663816,0.0025209779610663816,29.24244831213137
1791336540,0.0025209779610663816,0.0025209779610663816,0.0025195252065771494,0.0025195252065771494,0.2564274040256629
1791336600,0.0025195252065771494,0.0025195252065771494,0.0024928557707188043,0.0024928557707188043,594.8587103950699
1791336660,0.0024928557707188043,0.0024928557707188043,0.0024751652005415696,0.0024751652005415696,523.0370664306058
1791336780,0.0024751652005415696,0.0024751652005415696,0.0024664391715162283,0.002467796130083455,59.95385981319483
1791336840,0.002467796130083455,0.002467796130083455,0.0024640301966106287,0.0024640301966106287,0.9672094025920497
1791336900,0.0024640301966106287,0.0024897589202142437,0.002463193913561739,0.002463193913561739,20.471703909094103
1791337020,0.002463193913561739,0.002463193913561739,0.002459609693710978,0.002459609693710978,19.98763934439763
1791337080,0.002459609693710978,0.002486929371382736,0.002384764715823652,0.002384764715823652,1641.516363950288
1791337140,0.002384764715823652,0.002384764715823652,0.0022121524325084243,0.0022555560909806828,7182.342659995363
1791337200,0.0022555560909806828,0.00226623108975683,0.0022283287366538624,0.00226623108975683,942.2905192891716
1791337260,0.00226623108975683,0.0022676148944231755,0.0022360969744042035,0.0022633773159316983,223.54388985774835
1791337320,0.0022633773159316983,0.002273472731229326,0.002237864662069128,0.0022449459397981732,664.7508383681123
1791337380,0.0022449459397981732,0.00229191280015537,0.002238571888308115,0.002287471088751975,1406.8763311436014
1791337440,0.002287471088751975,0.0023094511898557107,0.002267457925369264,0.0022866422624464966,632.5054957933273
1791337500,0.0022866422624464966,0.0023144480161205595,0.002286343579351995,0.0023128408111609145,157.18860231994262
1791337560,0.0023128408111609145,0.002315576179393917,0.0022874218331730162,0.0022886843219504355,30.37006624990527
1791337620,0.0022886843219504355,0.0023283263890478477,0.002288184915454905,0.0023283263890478477,406.8116894385628
1791337680,0.0023283263890478477,0.0023309469797349863,0.0023283263890478477,0.0023309469797349863,65.4350590759865
1791337740,0.0023309469797349863,0.0023309469797349863,0.002296834237515277,0.002296834237515277,436.31135187449235
1791337800,0.002296834237515277,0.0023449138615404715,0.002296834237515277,0.0023449138615404715,1354.806191848931
1791337860,0.0023449138615404715,0.002375573746480764,0.0023449138615404715,0.002375573746480764,4.921276917345393
1791338160,0.002375573746480764,0.002375573746480764,0.002346035214677266,0.0023720102873955105,194.86442673108414
1791338220,0.0023720102873955105,0.0023849360274419734,0.0023720102873955105,0.0023849360274419734,363.0623973104082
1791338340,0.0023849360274419734,0.0023849491622584284,0.0023849360274419734,0.0023849491622584284,99.5013473892356
1791338460,0.0023849491622584284,0.0023849491622584284,0.0023512678692416958,0.0023512678692416958,40.858642672293236
1791338520,0.0023512678692416958,0.0023512678692416958,0.0023375592476860803,0.0023375592476860803,149.95731046249063
1791338580,0.0023375592476860803,0.0023462271296815543,0.002320184145945533,0.002342176810130911,5.7809909106629185
1791338700,0.002342176810130911,0.002342176810130911,0.0023083685915245185,0.0023083685915245185,206.5052319262597
1791338760,0.0023083685915245185,0.0023328575990954575,0.00230088765836325,0.00230088765836325,373.5365430924899
1791338820,0.00230088765836325,0.00230088765836325,0.0022752380295109394,0.0022752380295109394,553.3259029843243
1791338880,0.0022752380295109394,0.0022752380295109394,0.0021982484435820447,0.002216942690504117,2986.4648235074515
1791338940,0.002216942690504117,0.002216942690504117,0.002151445484179207,0.002176638765642896,1152.2531902310277
1791339000,0.002176638765642896,0.002176638765642896,0.002133893177970552,0.0021600947533069333,551.6828328263962
1791339060,0.0021600947533069333,0.0021637333897528833,0.0021348165440243016,0.0021359024997073387,89.99082432989563
1791339120,0.0021359024997073387,0.002147333849843864,0.002126604289631209,0.002147333849843864,594.1966452551661
1791339180,0.002147333849843864,0.002155334587353796,0.0021233510899990662,0.002134695426692251,482.2689760931969
1791339240,0.002134695426692251,0.002152348176520433,0.0021136714785551323,0.0021136714785551323,810.6081789123341
1791339300,0.0021136714785551323,0.0021136714785551323,0.0020829933727703562,0.002101276606496282,1403.464463927424
1791339360,0.002101276606496282,0.0021093099439180047,0.002077797264446945,0.0021093099439180047,204.84493760498725
1791339420,0.0021093099439180047,0.0021093099439180047,0.002069155370763492,0.0020889300034794994,1198.1747440627405
1791339480,0.0020889300034794994,0.002089795918021054,0.0020591922715612445,0.0020591922715612445,434.21139632730836
1791339540,0.0020591922715612445,0.002078105661205643,0.0020477413229205792,0.002077595114079611,460.37533293944847
1791339600,0.002077595114079611,0.0020804833297948986,0.0018753285677491171,0.0019508342961215386,10762.095119494335
1791339660,0.0019508342961215386,0.002003617849211016,0.0019495967261340759,0.0019814054996558127,945.0463331621022
1791339720,0.0019814054996558127,0.002013298736587459,0.001972275423133347,0.002005080159338061,1175.4137308643083
1791339780,0.002005080159338061,0.0020379612243974043,0.002003008243094435,0.002003008243094435,1161.6305516135915
1791339840,0.002003008243094435,0.0020286321164718767,0.002003008243094435,0.0020033311613915513,252.3355130043747
1791339900,0.0020033311613915513,0.002027657336384365,0.0019991387802428583,0.0020062742080915285,204.81161350776404
1791339960,0.0020062742080915285,0.0020372296654561995,0.0020062742080915285,0.0020127233426596924,261.35877288746667
1791340020,0.0020127233426596924,0.0020127233426596924,0.0018941479475644318,0.0019156526660453943,4079.556403772665
1791340080,0.0019156526660453943,0.0019212700229799724,0.0018451683333591887,0.0018763300555462998,3924.5213329928833
1791340140,0.0018763300555462998,0.0019027278258148658,0.001865594462954377,0.0018860436072672831,2677.791863091406
1791340200,0.0018860436072672831,0.0018941773796352617,0.001828700919625089,0.0018657318078715889,3811.9510521168445
1791340260,0.0018657318078715889,0.0019089233990035107,0.0018414062108591453,0.0018883718780430814,1562.753686542797
1791340320,0.0018883718780430814,0.0019290564921576755,0.0018883718780430814,0.0019070040466503371,586.880457186271
1791340380,0.0019070040466503371,0.0019315088985624276,0.001890950357506246,0.00190133861444983,2333.397708875808
1791340440,0.00190133861444983,0.0019181776918881905,0.0018885349149758968,0.0019151991913944836,1520.3143860310754
1791340500,0.0019151991913944836,0.0019498692320247984,0.0018935393435899962,0.0019278974921869184,1244.2923367218564
1791340560,0.0019278974921869184,0.001961556181378896,0.0019278974921869184,0.001961556181378896,663.3491460924262
1791340620,0.001961556181378896,0.0019660618178460212,0.0019422153439870408,0.0019422153439870408,185.67432736140702
1791340680,0.0019422153439870408,0.0019618471611821398,0.001940226373109247,0.001940226373109247,175.25765684730786
1791340740,0.001940226373109247,0.001988222022921833,0.0019368216960214517,0.0019793610669637048,1165.5219634434275
1791340800,0.0019793610669637048,0.0020048180968771593,0.0019751779244434526,0.0019875125442941803,595.9682951481311
1791340860,0.0019875125442941803,0.0020056868998236813,0.0019836231291141715,0.0020054716097563305,207.99928607164267
1791340920,0.0020054716097563305,0.0020054716097563305,0.0019813050043226378,0.0019813050043226378,86.4417446067395
1791340980,0.0019813050043226378,0.002005707515701722,0.001980251910320565,0.0019819186071217696,215.23309449987454
1791341040,0.0019819186071217696,0.0020064207306447427,0.0019554111563710574,0.0019554111563710574,1578.177433263747
1791341100,0.0019554111563710574,0.001975915246974537,0.0019554111563710574,0.001975915246974537,987.6010732087325
1791341160,0.001975915246974537,0.001975915246974537,0.0019551326823430424,0.0019551326823430424,230.42327738343883
1791341220,0.0019551326823430424,0.0019854811504858285,0.0019551326823430424,0.0019824986205976385,328.1654268798846
1791341340,0.0019824986205976385,0.0019843557632812548,0.0019824986205976385,0.0019843557632812548,147.3049560561352
1791341400,0.0019843557632812548,0.0019843557632812548,0.001960638049719136,0.001976584549251373,299.97173493441403
1791341520,0.001976584549251373,0.001976584549251373,0.0019567467474029907,0.001958081546594031,115.8680390544503
1791341580,0.001958081546594031,0.001979413863880662,0.0019576818400036996,0.0019576818400036996,13.67867482817808
1791341640,0.0019576818400036996,0.00197629887087135,0.0019529709308970685,0.0019731665554199394,126.07252644511192
1791341700,0.0019731665554199394,0.0019731665554199394,0.0018440768842328942,0.0018440768842328942,2830.5384503058976
1791341760,0.0018440768842328942,0.0018879574455899113,0.0017781359994639345,0.0018307874601909747,7192.3466718988575
1791341820,0.0018307874601909747,0.001830991082592916,0.0018307874601909747,0.001830991082592916,9.853335437330582
1791341880,0.001830991082592916,0.001830991082592916,0.0018070953746431007,0.0018070953746431007,120.80462909337074
1791341940,0.0018070953746431007,0.0018070953746431007,0.0016945030421730446,0.0017160066623024416,7333.590738211081
1791342000,0.0017160066623024416,0.0017308153266217766,0.0016929876987225201,0.0017270877512645824,1446.259058097047
1791342060,0.0017270877512645824,0.0017428758364663119,0.0017035653601383818,0.001742786449363607,1167.1060110126575
1791342120,0.001742786449363607,0.0017824538526963224,0.001709205179793778,0.0017622906854004965,1103.9423202995893
1791342180,0.0017622906854004965,0.0017663242641974698,0.0017409455325867078,0.0017409455325867078,260.77682309140334
1791342240,0.0017409455325867078,0.0017581925659132392,0.0017173936957945012,0.0017362389644729496,839.0123408783135
1791342300,0.0017362389644729496,0.0017506312841762243,0.0017046178394250476,0.0017370724236689464,2465.103193652527
1791342360,0.0017370724236689464,0.0017639491223886616,0.001735500416037501,0.001738560206840434,1284.329822824461
1791342420,0.001738560206840434,0.0017588206512088019,0.0017209822532979048,0.0017588206512088019,1347.3296724309935
1791342480,0.0017588206512088019,0.0017702382367576308,0.0017467517261944318,0.0017481192471689943,580.7125719454498
1791342540,0.0017481192471689943,0.001768850270345097,0.0017454725952850113,0.0017468137047017686,390.8508183770271
1791342600,0.0017468137047017686,0.001771484433920283,0.0017428652635235434,0.001769519576011444,519.3751679073539
1791342660,0.001769519576011444,0.001769519576011444,0.0017437429134237502,0.0017437429134237502,255.55424945671595
1791342720,0.0017437429134237502,0.0017688563455606357,0.001737983825964146,0.001737983825964146,654.782071119053
1791342780,0.001737983825964146,0.001750826387955974,0.001737983825964146,0.0017502895551375682,83.56129643219141
1791342840,0.0017502895551375682,0.0017556364390824734,0.0017502895551375682,0.0017556364390824734,170.85244469500324
1791342900,0.0017556364390824734,0.0017654742030550187,0.0017445425682196256,0.0017646597854847736,379.73220120299464
1791342960,0.0017646597854847736,0.0017646597854847736,0.0017428676171372722,0.0017428676171372722,122.7481785100606
1791343020,0.0017428676171372722,0.0017671257261150067,0.0017428676171372722,0.0017671257261150067,228.46148352799028
1791343080,0.0017671257261150067,0.0017703619773570714,0.0017671257261150067,0.0017703262408978416,39.52614866945159
1791343140,0.0017703262408978416,0.0017703262408978416,0.0017492694426093868,0.0017492694426093868,8.641663444477244
1791343260,0.0017492694426093868,0.0017670325422930984,0.0017390164175559036,0.0017557717321416764,287.70285470259535
1791343320,0.0017557717321416764,0.0017557717321416764,0.00172479166086565,0.00172479166086565,810.0978821901291
1791343380,0.00172479166086565,0.00172479166086565,0.0017200260655188414,0.0017200260655188414,16.946483912379676
1791343440,0.0017200260655188414,0.0017407909467665303,0.0017200260655188414,0.0017213399676152751,103.49719725183938
1791343500,0.0017213399676152751,0.0017213399676152751,0.0017178066133607948,0.0017178066133607948,65.23975169832015
1791343560,0.0017178066133607948,0.0017228541607276343,0.0016972255850169291,0.0016972255850169291,718.749376310588
1791343620,0.0016972255850169291,0.0016972255850169291,0.0016581949919710838,0.0016821678649797333,1640.2745014856496
1791343680,0.0016821678649797333,0.001698486092546128,0.0016821678649797333,0.001698486092546128,394.844154432937
1791343740,0.001698486092546128,0.0017150420464083396,0.0016901038248123609,0.001710066159999509,1299.9152393155236
1791343800,0.001710066159999509,0.0017199101972135524,0.001710066159999509,0.0017199101972135524,38.34092104036654
1791343860,0.0017199101972135524,0.0017384381360642557,0.0017199101972135524,0.0017384381360642557,682.0867227775035
1791343920,0.0017384381360642557,0.0017745851670137199,0.0017384381360642557,0.0017745851670137199,791.3448117803938
1791343980,0.0017745851670137199,0.0017856633222969886,0.0017745851670137199,0.0017856633222969886,210.1688207288579
1791344040,0.0017856633222969886,0.001805129248330135,0.0017856633222969886,0.001804752299665567,415.5351826818535
1791344100,0.001804752299665567,0.0018049226995282435,0.001804752299665567,0.0018049226995282435,11.858697851871106
1791344160,0.0018049226995282435,0.0018049226995282435,0.0017861829663465831,0.0017861829663465831,9.709404399899633
1791344220,0.0017861829663465831,0.0017867089156863888,0.0017861829663465831,0.0017867089156863888,11.968984589350418
1791344280,0.0017867089156863888,0.001814725870660548,0.0017867089156863888,0.001814725870660548,443.9025865686882
1791344340,0.001814725870660548,0.001824872366540817,0.001814725870660548,0.001824872366540817,13.123976457373939
1791344400,0.001824872366540817,0.0018630110159107778,0.001824872366540817,0.0018552076885369278,1652.6232557532223
1791344460,0.0018552076885369278,0.0018552076885369278,0.0018446669921722367,0.0018446669921722367,290.9317484071474
1791344520,0.0018446669921722367,0.0018446669921722367,0.0018393731383251587,0.0018393731383251587,135.37971701484065
1791344580,0.0018393731383251587,0.0018393731383251587,0.001837169425557662,0.001837169425557662,45.929235638941556
1791344640,0.001837169425557662,0.001856359172505056,0.0018318953899110412,0.0018318953899110412,214.5581642540026
1791344700,0.0018318953899110412,0.0018507122626603132,0.0018318953899110412,0.0018507122626603132,131.5248545572273
1791344760,0.0018507122626603132,0.0018507122626603132,0.0018190170083480868,0.0018190170083480868,411.83441185498486
1791344820,0.0018190170083480868,0.0018190170083480868,0.0018092723717203305,0.0018092723717203305,190.5410926526545
1791344880,0.0018092723717203305,0.001826917481203794,0.0017984483092879924,0.001825700494929708,928.4411515446965
1791344940,0.001825700494929708,0.0018359673165533389,0.001825700494929708,0.0018359673165533389,419.06896641763683
1791345000,0.0018359673165533389,0.0018453090524673098,0.0018359673165533389,0.0018453090524673098,2.327053184002446
1791345060,0.0018453090524673098,0.001856041958567398,0.0018448897559463235,0.001856041958567398,546.8970793680105
1791345180,0.001856041958567398,0.0018819900309168733,0.001856041958567398,0.0018773118985704197,253.97216545573795
1791345240,0.0018773118985704197,0.0018773118985704197,0.0018647318203322315,0.0018647318203322315,287.26951722238067
1791345300,0.0018647318203322315,0.0018662198419099867,0.0018647318203322315,0.0018662198419099867,17.508625810406112
1791345360,0.0018662198419099867,0.0018662198419099867,0.0018633404205200524,0.0018633404205200524,46.70892694188071
1791345420,0.0018633404205200524,0.001882852365349761,0.0018593570129811431,0.0018593570129811431,203.05072564342578
1791345480,0.0018593570129811431,0.0018593570129811431,0.0018571673210566475,0.0018571673210566475,201.79466646145207
1791345540,0.0018571673210566475,0.0018768239021046895,0.0018530562427257434,0.0018581310296910546,153.77783590598838
1791345600,0.0018581310296910546,0.0018778897075053267,0.0018538368080552802,0.0018778897075053267,433.8389790536472
1791345660,0.0018778897075053267,0.0018837719995705802,0.0018778897075053267,0.0018837719995705802,58.66277811204839
1791345720,0.0018837719995705802,0.0018873924933089379,0.0018837719995705802,0.0018873924933089379,41.15917174764948
1791345780,0.0018873924933089379,0.0018873924933089379,0.001867808393832223,0.001867808393832223,5.883775625034148
1791345840,0.001867808393832223,0.0018838733912056862,0.0018653094826649357,0.0018653094826649357,408.05125074839736
1791345960,0.0018653094826649357,0.0018653094826649357,0.0018524595496291556,0.0018646990188644437,510.0275698650428
1791346020,0.0018646990188644437,0.0018721005996002044,0.0018640960212500351,0.0018721005996002044,322.57337344971694
1791346080,0.0018721005996002044,0.0018794668171205995,0.0018721005996002044,0.0018784623146676659,43.078052577744856
1791346140,0.0018784623146676659,0.0018820111626175553,0.0018784623146676659,0.0018812859510558097,26.32618007914149
1791346200,0.0018812859510558097,0.0018820480088103774,0.0018812859510558097,0.0018820480088103774,27.459698279735544
1791346260,0.0018820480088103774,0.0018820480088103774,0.0018579394531445016,0.0018760332686363467,171.02744646975475
1791346500,0.0018760332686363467,0.001878882470229741,0.0018572919307716395,0.0018770361041788564,73.0876468612178
1791346560,0.0018770361041788564,0.0018770361041788564,0.0018536391178923264,0.0018536391178923264,55.62363034057592
1791346620,0.0018536391178923264,0.0018747019316037717,0.0018536391178923264,0.0018747019316037717,1.1010991550193376
1791346680,0.0018747019316037717,0.0018747019316037717,0.0018445057380835034,0.0018445057380835034,340.0594985791039
1791346740,0.0018445057380835034,0.0018689574301619131,0.0018445057380835034,0.0018689574301619131,290.1494380214775
1791346800,0.0018689574301619131,0.0018709470299064861,0.0018479131294852332,0.0018479131294852332,247.79032998569727
1791346860,0.0018479131294852332,0.001869856381270504,0.0018432313727223839,0.001869856381270504,355.50961392674463
1791346920,0.001869856381270504,0.0018723252794710184,0.0018528737781538923,0.0018723252794710184,192.5036071226714
1791346980,0.0018723252794710184,0.001884735340382333,0.0018684775255942555,0.0018684775255942555,661.0978418914351
1791347040,0.0018684775255942555,0.0018684775255942555,0.0018626362491349945,0.0018626362491349945,242.0438078667591
1791347100,0.0018626362491349945,0.001879392716596312,0.0018626362491349945,0.0018791526723666155,11.620276487679432
1791347160,0.0018791526723666155,0.0018791526723666155,0.0018579708436927632,0.0018579708436927632,8.371709879983152
1791347220,0.0018579708436927632,0.00187872027703476,0.0018576729323446638,0.0018576729323446638,31.84432874033412
1791347280,0.0018576729323446638,0.0018786993055084074,0.0018576729323446638,0.0018600740845052988,59.16356126504162
1791347340,0.0018600740845052988,0.0018795386903932615,0.0018600740845052988,0.0018795386903932615,102.51661286271872
1791347400,0.0018795386903932615,0.0018795386903932615,0.0018402618492536031,0.0018402618492536031,478.17537930958156
1791347460,0.0018402618492536031,0.0018402618492536031,0.0017542134267132727,0.0017670121662800773,2320.6098740617767
1791347520,0.0017670121662800773,0.001817296659356926,0.0017670121662800773,0.001817296659356926,2302.9834060170665
1791347580,0.001817296659356926,0.0018182948784809965,0.0017984292546672812,0.0018182948784809965,60.50807702236536
1791347640,0.0018182948784809965,0.0018192167997920698,0.0017959218040071547,0.0018149626110799504,327.8914121924881
1791347820,0.0018149626110799504,0.0018222278894986848,0.0018149626110799504,0.0018222278894986848,11.647113202399614
1791347880,0.0018222278894986848,0.0018222278894986848,0.0018019737643458268,0.0018019737643458268,84.22949239499836
1791348000,0.0018019737643458268,0.0018190688027899086,0.0018019737643458268,0.0018190688027899086,11.62600932289201
1791348180,0.0018190688027899086,0.0018328508691571052,0.0018136970122206771,0.0018136970122206771,12.212402016968758
1791348240,0.0018136970122206771,0.00185151310623687,0.0018136970122206771,0.00185151310623687,425.60986237585087
1791348300,0.00185151310623687,0.0018536637508726787,0.00185151310623687,0.0018536637508726787,48.79793525858511
1791348360,0.0018536637508726787,0.0018536637508726787,0.001827087463192812,0.001827087463192812,364.197180651487
1791348420,0.001827087463192812,0.001827087463192812,0.0018200534757037146,0.0018200534757037146,2.855883034177496
1791348540,0.0018200534757037146,0.0018409034697302303,0.0018200534757037146,0.0018211120238469,9.198572485596975
1791348780,0.0018211120238469,0.0018211120238469,0.0018202785403193076,0.0018202785403193076,19.390035317560965
1791348840,0.0018202785403193076,0.0018202785403193076,0.0017896539362347236,0.0018047542934673398,1301.5142255950416
1791348900,0.0018047542934673398,0.0018274125498898724,0.0018047542934673398,0.0018274125498898724,539.462279637761
1791348960,0.0018274125498898724,0.0018274125498898724,0.0017711239444338403,0.001790289140396383,998.7209380751486
1791349020,0.001790289140396383,0.001798095195256137,0.0017038774164439042,0.0017334675005355798,2171.3215879131394
1791349080,0.0017334675005355798,0.0017344418031453414,0.0017334675005355798,0.0017344418031453414,28.988852196577366
1791349140,0.0017344418031453414,0.0017369099619973427,0.0017197468749529435,0.0017197468749529435,145.79577269919062
1791349200,0.0017197468749529435,0.0017632669408380469,0.0017197468749529435,0.0017632669408380469,749.902630992368
1791349260,0.0017632669408380469,0.0017689697279171543,0.0017487662661950737,0.0017689697279171543,42.33938127291347
1791349380,0.0017689697279171543,0.0017689697279171543,0.0017457333092064477,0.0017457333092064477,117.32287627709474
1791349440,0.0017457333092064477,0.0017674614022838858,0.0017457333092064477,0.0017674614022838858,52.908536202176165
1791349560,0.0017674614022838858,0.0017683299007852057,0.0017674614022838858,0.0017683299007852057,0.5676712488162153
1791349620,0.0017683299007852057,0.0017748459720190659,0.0017683299007852057,0.0017748459720190659,243.50296163395632
1791349680,0.0017748459720190659,0.0017792662882847917,0.0017748459720190659,0.0017792662882847917,11.74391258236925
1791349740,0.0017792662882847917,0.0017902543083582315,0.0017792662882847917,0.0017902543083582315,262.5363502315233
1791349800,0.0017902543083582315,0.0017939003135309245,0.0017902543083582315,0.0017939003135309245,151.21104058164278
1791349860,0.0017939003135309245,0.0017997133051163743,0.0017939003135309245,0.0017997133051163743,116.34290396297743
1791349920,0.0017997133051163743,0.0017997133051163743,0.0017803621060427054,0.0017803621060427054,0.5106442265912365
1791350040,0.0017803621060427054,0.001816759314585602,0.0017803621060427054,0.001816759314585602,1006.7418370438234
1791350100,0.001816759314585602,0.001816759314585602,0.001773000334822172,0.001773000334822172,470.35437936524096
1791350160,0.001773000334822172,0.0017864796641555568,0.001761028442335502,0.0017625711799554348,433.0403704869821
1791350220,0.0017625711799554348,0.0017625711799554348,0.0017613152358173995,0.0017613152358173995,10.015182243114396
1791350280,0.0017613152358173995,0.0017784754482227285,0.0017591932237807965,0.0017591932237807965,82.29039814852233
1791350340,0.0017591932237807965,0.0017591932237807965,0.0017381526207945008,0.0017381526207945008,1040.0810871032315
1791350520,0.0017381526207945008,0.0017443720267028141,0.0017181998876381846,0.0017443720267028141,295.54800186478775
1791350580,0.0017443720267028141,0.0017443720267028141,0.001721023145373029,0.001721023145373029,272.68076286878045
1791350640,0.001721023145373029,0.001738162313832288,0.0017117018593770146,0.0017117018593770146,314.67568407196154
1791350760,0.0017117018593770146,0.001729883506239857,0.0017117018593770146,0.001729883506239857,112.63038984437621
1791350820,0.001729883506239857,0.0017326354193985484,0.001729883506239857,0.0017326354193985484,18.633292316668147
1791350880,0.0017326354193985484,0.0017344238997037812,0.0017087657467484668,0.0017266902268015247,452.03335412385616
1791351000,0.0017266902268015247,0.0017266902268015247,0.001726288688014319,0.001726288688014319,11.670162344362517
1791351060,0.001726288688014319,0.001726288688014319,0.0017064917421829068,0.0017064917421829068,34.86750152603313
1791351120,0.0017064917421829068,0.0017269035379249194,0.0017064917421829068,0.0017268109682461417,48.16044290399902
1791351180,0.0017268109682461417,0.0017291527495492715,0.0017081021460501199,0.0017291527495492715,16.249429854941127
1791351240,0.0017291527495492715,0.0017506354923702142,0.0017089419695146527,0.0017506354923702142,717.0289356324048
1791351300,0.0017506354923702142,0.0017540745297971725,0.0017506354923702142,0.0017540745297971725,1.16470853812093
1791351360,0.0017540745297971725,0.0017556240650257082,0.0017540745297971725,0.0017556240650257082,4.10538178075614
1791351600,0.0017556240650257082,0.0017556240650257082,0.0017217196217381016,0.0017217196217381016,276.003060955835
1791351660,0.0017217196217381016,0.0017455107395386547,0.0017217196217381016,0.0017455107395386547,196.3364798379861
1791351720,0.0017455107395386547,0.0017512567285558767,0.0017306652085847666,0.0017306652085847666,33.56395715796347
1791351780,0.0017306652085847666,0.0017306652085847666,0.0017298951936016076,0.0017298951936016076,31.55265378324767
1791351960,0.0017298951936016076,0.0017676445760134104,0.0017298951936016076,0.001748542892891591,1552.25574456901
1791352020,0.001748542892891591,0.0017686068060807612,0.001748495066841576,0.001748495066841576,223.17906516038104
1791352140,0.001748495066841576,0.0017696318266748818,0.001748495066841576,0.0017696318266748818,104.38136248422568
1791352200,0.0017696318266748818,0.0017788292558972964,0.001755666187985492,0.0017788292558972964,215.57211515739743
1791352320,0.0017788292558972964,0.0017907904018629056,0.0017788292558972964,0.0017907904018629056,342.37547972029864
1791352380,0.0017907904018629056,0.0017939968312425877,0.001774466531136452,0.001774466531136452,34.56173436514004
1791352440,0.001774466531136452,0.0017956663268798205,0.001774466531136452,0.0017956663268798205,11.104043217756344
1791352500,0.0017956663268798205,0.0017957292656534027,0.0017956663268798205,0.0017957292656534027,11.776786051040665
1791352800,0.0017957292656534027,0.0017965400397959466,0.0017758133256278636,0.0017965400397959466,10.25010865765397
1791352860,0.0017965400397959466,0.0017965400397959466,0.0017728034157693507,0.0017728034157693507,45.30757057916026
1791352920,0.0017728034157693507,0.001792434971877164,0.0017728034157693507,0.001792434971877164,9.826482380135197
1791353100,0.001792434971877164,0.001808050040642877,0.001792434971877164,0.001808050040642877,537.4872138044773
1791353160,0.001808050040642877,0.001808050040642877,0.001796062294081516,0.001796062294081516,42.609391954139966
1791353280,0.001796062294081516,0.0018167729615552173,0.001796062294081516,0.0018167729615552173,1.3306279806658396
1791353400,0.0018167729615552173,0.0018167729615552173,0.0017978981616012472,0.0018165505424072605,31.032996075568025
1791353460,0.0018165505424072605,0.001821468799463544,0.0018165505424072605,0.001821468799463544,236.8837125420297
1791353580,0.001821468799463544,0.0018421506495572989,0.001821468799463544,0.0018421506495572989,455.00411482369987
1791353640,0.0018421506495572989,0.0018475237059541977,0.0018421506495572989,0.0018475237059541977,92.9558441406034
1791353700,0.0018475237059541977,0.0018631837409993806,0.0018475237059541977,0.0018631837409993806,367.31203690399525
1791353760,0.0018631837409993806,0.001874319636132134,0.0018631837409993806,0.001874319636132134,416.87182964895743
1791353820,0.001874319636132134,0.0018843112930822283,0.0018632880660429067,0.0018843112930822283,121.28271903121292
1791353880,0.0018843112930822283,0.001899198382201875,0.0018614516730353725,0.001899198382201875,794.0049753210171
1791353940,0.001899198382201875,0.0019177208543794293,0.0018942696139299601,0.0018972228781126386,496.1424974950102
1791354000,0.0018972228781126386,0.0018972228781126386,0.0018875631542915746,0.0018875631542915746,431.3875258286595
1791354060,0.0018875631542915746,0.0019071999624876025,0.0018875631542915746,0.0019071999624876025,195.8252879592951
1791354120,0.0019071999624876025,0.001920678047246165,0.0019005583218509607,0.001920678047246165,810.1787037993449
1791354180,0.001920678047246165,0.0019349878127726979,0.001920678047246165,0.0019349878127726979,498.81226003823895
